0.062499999843341515
0.07044641191010453
0.07922460969290868
0.0888768352846142
0.09945826648692674
0.11104606837344774
0.12374829768691266
0.13771313716466901
0.15314061928833556
0.1703008890222863
0.19139674501025025
0.22553151256545922
0.26124378305066387
0.2986602172223416
0.33583081741778725
0.3566612428463165
0.34859975473722576
0.3714748212386473
0.3976461403794723
0.4305556174023044
0.4811927268695882
0.9999999999999996
0.9999999999999996
0.9999999999999996
0.9999999999999996
0.9999999999999996
0.9999999999999996
0.9999999999999996
0.9999999999999996
0.9999999999999996
