0.9999999999999998
0.999454164285031
0.9977143988020197
0.9946276221033719
0.9900385860267458
0.983783301146283
0.9756790566324101
0.9655118333758059
0.953021053674645
0.9378796894943694
0.918931796099158
0.8915821188143808
0.8595674088865084
0.821996725857299
0.7766542422937895
0.7180069175730801
0.6197920729063917
0.5794006693813807
0.5332134223570238
0.4779181349621796
0.403103341599876
-2.0108070878647096e-47
-2.0108070878647096e-47
-2.0108070878647096e-47
-2.0108070878647096e-47
-2.0108070878647096e-47
-2.0108070878647096e-47
-2.0108070878647096e-47
-2.0108070878647096e-47
-2.0108070878647096e-47
