5.95263267137871e-19
-1.0330275070439943e-5
-8.134650657212671e-5
-0.0002623294428823735
-0.000572476365872501
-0.0009797158338840965
-0.0013797814507825288
-0.0015767432915517934
-0.0012645107017552303
-6.934456458130241e-6
0.08025900588707205
0.49062487840262736
0.7124112991851436
0.8141129417967875
0.8352037200185893
0.7486591299866272
0.04856241641402683
0.06482223301520179
0.08615519434598737
0.1172602757940389
0.1741627276289926
0.9999999999999992
0.9999999999999992
0.9999999999999992
0.9999999999999992
0.9999999999999992
0.9999999999999992
0.9999999999999992
0.9999999999999992
0.9999999999999992
