0.03942713042797569
0.07945912702990018
0.12023784582298704
0.16199189418657103
0.20503474515495354
0.24976060628030422
0.2966385768122946
0.3462052082904245
0.39905466940502643
0.4558253056713556
0.5171805313445083
0.5837810550879216
0.6562452309047903
0.7350941598447973
0.820679322747042
0.913093354073572
1.0120699647896323
1.1168866900993406
1.2262927815928413
1.338490341619164
1.4511936938727703
1.5617768888029229
1.667493466204462
1.7657269358891121
1.854219035679504
1.9312332140065156
1.99563804697474
2.046924948229747
2.085193600477587
2.1111414017177483
2.1260831633300454
2.132009071443778
2.1316677045439962
2.1286458422271943
2.127430987292716
2.133532729636645
2.1539641416317727
2.1987908572973534
2.285002445745334
2.443052049597105
2.7095296806679254
3.042146773981874
3.5645139683688085
3.7775495767508773
3.885003231765529
3.9413582701087395
3.9741669392460515
3.9885817420743512
3.9959287709211266
3.999166354661193
