0.999994325208488
0.9999778423352019
0.9999526417246385
0.9999223012845014
0.9998914299353354
0.9998650344723132
0.9998477794518145
0.9998432194565985
0.9998530837246464
0.9998766850239719
0.9999105108915032
0.9999480430173634
0.9999798505702457
0.9999940266633888
0.9999770860197813
0.9999154963650972
0.9997980208523595
0.9996189188450385
0.9993817109846281
0.9991026810423377
0.9988127480651756
0.9985561333183204
0.998384625800565
0.998347134207519
0.9984751218057167
0.9987649079339846
0.9991575137392278
0.9995160877668956
0.9996007075525793
0.9990415318362922
0.9973152825984577
0.9937385313884084
0.9875045175873748
0.9778024998648662
0.9640525439168568
0.9462406465904737
0.9252534275188695
0.9030582905549067
0.8826278736692793
0.8674898755666546
0.8595524359161184
0.8493896853301601
0.8929587443536107
0.9395726223815486
0.9690016806480687
0.984921122042864
0.99304544978159
0.9970793392999567
0.45345039492750716
0.47949115742330983
