0.9998999940227404
0.9995834028765538
0.9990228658949029
0.9981872587845679
0.9970410785814139
0.9955436972275764
0.9936484746330699
0.9913016780985399
0.9884411734706554
0.9849948260833424
0.9808785411384275
0.9759938434555435
0.9702248887232979
0.9634347509574208
0.9554608234791954
0.9461091233034824
0.9351473010782062
0.9222962212822108
0.9072201358810967
0.8895159369002757
0.8687028932893356
0.8442160481491777
0.8154095907215756
0.7815812920701556
0.7420350593147684
0.6962025816838304
0.6438388942675687
0.5852775708033633
0.521672200539145
0.4550857453498073
0.3882885882560007
0.32425309351631804
0.26553196863505724
0.2138013813254211
0.16973655907164545
0.1331800742618465
0.10344244814914803
0.07958926965968614
0.06064526998682041
0.045709557563727916
0.034004779653358595
0.024886608955142327
0.017833453535275882
0.012428580364751285
0.00834112646841158
0.005308867598329687
0.003123737650926068
0.0016201402700213561
-3.1371627152406697e-7
-2.5175157428404895e-8
