-7.1036231800171e-18
-4.195624856725451e-21
-2.720962651347242e-20
-1.966174378855135e-22
4.734445089242012e-22
-1.2465316014084863e-20
-3.2472038827064914e-19
-6.360749286412187e-18
-9.353311046192149e-17
-1.1073339752220843e-15
-1.0981302446709622e-14
-9.439633505513443e-14
-7.222156059821982e-13
-5.022285813000247e-12
-3.2292484497883544e-11
-1.9478078035101589e-10
-1.1160571954335038e-9
-6.144028108930333e-9
-3.284859966662671e-8
-1.7241146050572223e-7
-8.987844385224143e-7
-4.717498724902398e-6
-2.5373333348063443e-5
-0.00014331926145718553
-0.0008789483505073629
-0.005960711386005923
-0.0390555013026734
-0.16487310502210015
-0.3709254278964401
-0.5538665616828174
-0.6811097121781193
9.719254254597048e-9
-1.2525125717140405e-10
-1.708426401426477e-11
-2.1546517517968533e-12
-2.39082180370995e-13
7.932293047549344e-12
-4.6549264190529756e-15
-2.42676769862267e-17
-5.063562232050021e-17
-3.871601105031308e-18
6.5076104929055715e-19
6.340476731027094e-22
3.617418328952847e-23
1.1815275237592494e-24
1.6217996167440834e-25
2.638410223871264e-27
9.116963203047299e-31
2.835071879035436e-34
5.389759542893094e-39
