2.3599439336221688e-8
4.093425591060335e-7
2.2501721786358555e-6
7.73801833639573e-6
2.05883579108345e-5
4.66139873032485e-5
9.447681587869103e-5
0.00017668710246944436
0.00031092497752630303
0.0005217904809955231
0.0008431203718457525
0.0013210587667662785
0.002018125830285174
0.00301861122437834
0.00443570879478886
0.006420935527209543
0.009176493383971088
0.01297132681693972
0.018161627226576542
0.025216243832462612
0.03474656786924728
0.04753833470372281
0.06457849317326923
0.08706257812730477
0.11635632406416156
0.15387212334852685
0.20081679982352152
0.2577945875058457
0.3243330699341888
0.3985280234846537
0.47707652108621373
0.5558423679319162
0.6307778455714054
0.6987724680809515
0.7580682275634307
0.8081894814044606
0.8495842986208118
0.883212386433121
0.9102193909789884
0.9317335795776018
0.9487643153668504
0.9621668250489218
0.9726431255422926
0.9807592431523009
0.9869674406482423
0.9916279597454877
0.9950279897407387
0.9973972929194368
-1.4626072409693377e-8
-8.421971505911586e-10
