0.04000099736389765
0.08164114990932243
0.12503049205457414
0.17028979699399413
0.21755175435930205
0.2669627848907638
0.3186847323043941
0.3728970972140838
0.42979956080953724
0.4896149399451307
0.5525926335490744
0.6190127161320437
0.6891906319991017
0.763482656364122
0.8422920155152747
0.9260756356326354
1.0153511030280686
1.1107029600000409
1.2127867310222002
1.322327538601318
1.4401078640388298
1.56693543986532
1.703577303509638
1.8506408259392653
2.0083800966159964
2.1764145354197173
2.3533783247714624
2.5365852239096114
2.7218794082061484
2.9038829716843955
3.076743682270896
3.2352129364812128
3.375624492867132
3.496359223450333
3.597687785699845
3.6812087493209806
3.749201800150387
3.8041130703559403
3.8482388672998287
3.883578382954588
3.9117963831251132
3.9342439685134662
3.952002992421951
3.965935227096763
3.9767273810445904
3.984928923561382
3.990982356888103
3.995246842705444
3.997653554683605
3.9994381216852672
