0.9998999900049335
0.9995833335061599
0.9990224839267625
0.9981859402648271
0.997037555219713
0.9955356760445069
0.9936321017199714
0.9912707865659126
0.9883862210802428
0.9849013889010846
0.9807251609205762
0.975748928261819
0.9698421931083364
0.9628466996758456
0.9545684978891621
0.9447669190478889
0.933139008130906
0.9192967509114627
0.9027326866289743
0.8827657131625959
0.8584511310697525
0.8284218955065759
0.7905842050402099
0.7414895780552968
0.6750099544299917
0.5805838307058745
0.449682831977398
0.3068959262850241
0.1987543429575159
0.13220394723481196
0.09201393296627282
5.317064025736129e-5
5.865232928746997e-6
1.134417843260392e-6
2.08611879492716e-7
3.591080265975985e-8
1.3099825259116848e-8
-1.0827970902994823e-16
9.456265758971799e-11
-3.4000715034057623e-18
-4.395896736135503e-19
-2.4032167688371443e-14
-3.6334642593677915e-24
-2.619026484335881e-25
-7.829889634938331e-24
-1.764704850945916e-25
-1.8595849402980058e-27
-2.2722105527008234e-32
-1.1622093863483486e-35
-4.529700058831297e-39
