0.1913366889240065
0.3875074240148368
0.5890227366472575
0.7966607972095247
1.0114661025698242
1.2347349685757902
1.467989326406783
1.7129351283677403
1.9714051348503618
2.2452803114662543
2.536386440218182
2.846358791828453
3.1764715306914755
3.5274263463026982
3.899109679798057
4.290317723637822
4.698481292811352
5.1194190715491334
5.547178817284532
5.974021028043675
6.390626532174097
6.786590862728431
7.151244848197391
7.474781595063519
7.74956190484072
7.97136064836426
8.14021981338303
8.26062219992695
8.340918108744827
8.392170828491416
8.426839426669664
8.457691387387792
8.497278009569998
8.558146048966504
8.653864003105998
8.801373732368296
9.02626744917756
9.370461398120636
9.876227384061192
10.622586605526308
12.093728353514791
16.451081026867115
18.628505129593645
18.7596039745527
18.80616628858973
18.88525283504691
18.93741144911046
18.97745657652752
18.991447658706246
18.997518687208952
