-2.704131166584562e-20
-8.255317046930406e-21
-3.952897293887339e-21
-9.877122882806387e-20
-1.7373580375021725e-19
-9.572435344760907e-18
-4.776489884360831e-20
-1.7143135406681314e-20
3.0180580456040104e-21
-6.609518283484038e-22
-6.525394857480489e-19
-2.8224199018129105e-16
-1.3957316244403136e-14
-2.8682416845771516e-13
-3.4998795014016353e-12
-2.9632272869898e-11
-1.8863149564803895e-10
-9.438309340045642e-10
-3.801212994296652e-9
-1.2447018710000064e-8
-3.312911939494043e-8
-7.10204167425062e-8
-1.2042698941047604e-7
-1.5689197618303865e-7
-1.4998261592342783e-7
-9.725838256979707e-8
-3.65258914377309e-8
-5.15035112126855e-9
3.406051792353668e-13
7.574418596474452e-11
-1.1156202018906784e-9
5.625113408986765e-9
6.557892245195896e-8
2.2631354537608124e-7
5.313801981920072e-7
1.2668869540908686e-6
3.2983234266394594e-6
6.403376694920358e-6
4.783809146078583e-6
-2.792914746209454e-6
3.836096366774169e-7
-0.08282411016978701
4.443262996646307e-18
9.492188775950767e-20
-5.422899922943784e-20
-1.9195628271167882e-22
-2.8212085968120122e-25
2.1574013287242145e-29
2.101001782067349e-33
6.630143982939873e-39
