0.9999981532208202
0.9999926577242835
0.9999840405197519
0.9999734373399136
0.9999625027316048
0.9999532157482862
0.9999475705583043
0.9999471698533144
0.9999527286700421
0.9999635157328748
0.9999767701225699
0.9999871748419256
0.9999865078486919
0.999963651578428
0.999905369306968
0.9997982204425981
0.999632165497905
0.9994062478398722
0.9991361193416999
0.9988614342153542
0.9986484999582522
0.9985791687315593
0.9987132995901266
0.9990128769340356
0.9992265818872659
0.9987558812248803
0.9965471058103336
0.9910570181876042
0.9803111850480934
0.9620387523879023
0.9338707683322726
0.8936450039931597
0.8399335204688502
0.7729002606254107
0.6952658169880124
0.6125251442069877
0.5308717374910592
0.44902683106496627
0.3579124422708377
0.3387121269648594
0.40146671235966236
0.8930700093721465
0.9450456994714429
0.9700117046852439
0.9964638234275734
0.9984798664021024
0.9993196273329611
0.9975090770263859
0.9990530721259671
0.999976134317735
