1.413193600781497e-5
5.0627329201186664e-5
9.72948703436974e-5
0.0001388118622156129
0.00015913087404304758
0.0001447241824065472
8.852016493199363e-5
-5.672447989708863e-6
-0.00011849319055209642
-0.00021036942070855178
-0.0002171422660127148
-4.630754554410322e-5
0.0004256539037649779
0.0013540798983471228
0.00292377755149111
0.005341545000020383
0.00882095146909458
0.013556716541166846
0.019687423000302233
0.027248861300679078
0.03612578852215384
0.046015182540303824
0.05641546893505218
0.06665091917111451
0.07592961053520719
0.08342264531686786
0.08834783853845653
0.09004455754178589
0.0880338797459568
0.08206388493298546
0.07213977147828748
0.058532791855074116
0.04175491020162852
0.022486139162722994
0.0014598538841616726
-0.02064572044982311
-0.043207760796252645
-0.0654125964122541
-0.08556905265130785
-0.09938734008658275
-0.0957701443143001
-0.06281775697046364
-0.5529785109353362
-0.74576977448161
-0.8601915043852897
-0.9273773795488394
-0.9633480515462742
-0.9842709592039263
-0.9945469065490011
-0.998910217712244
