0.19000850045551976
0.38782736859951666
0.5940095460232551
0.809167152145714
1.0339784595588681
1.2691999188609495
1.5156776370594758
1.774362592739162
2.0463290423181473
2.3327973034291998
2.6351622180387935
2.9550292923034713
3.2942610694126473
3.65503778702679
4.0399377899378885
4.452047357593259
4.895113110890817
5.373760937606667
5.8938209193754485
6.462830090875715
7.0908503007593655
7.791872096168131
8.586428381712395
9.506615966171701
10.605041283568804
11.95627327181007
13.556153012572794
15.065118608305477
16.108617866351636
16.751380895287838
17.175568222246017
16.662578459473192
16.586685494454642
16.875868503102605
17.121661811479022
17.33127955051289
17.81717710735882
18.396913124791368
17.7940887945392
18.598557342351782
18.680412524799575
18.074800225797762
18.858123297401317
18.895770900458892
18.901398661660846
18.934167590946437
18.959498196591003
18.983763291982065
18.99307235596755
18.99775189741072
