0.9999999994373763
0.9999999902333175
0.9999999462371604
0.9999998081349859
0.9999994768945408
0.9999987780267627
0.9999974258197335
0.9999949571300728
0.9999906272559711
0.9999832428401672
0.9999708921186855
0.999950506011692
0.9999171367859363
0.9998627539048562
0.9997742180857494
0.9996297879173036
0.9993929464438791
0.9990012417727925
0.9983453458011782
0.9972281124853497
0.9952802647870151
0.9917755554655212
0.9851957604918711
0.9721529859988678
0.9449870227466362
0.8907698116527282
0.81305921294386
0.7589953846708455
0.7519255618604378
0.7724845575363726
0.8024632569775902
0.9304102092781803
0.8282980153892572
0.8192060735127424
0.8108967576734832
0.8033008776062271
0.8811261146714339
0.9808196675894377
0.7841502322357949
0.9906659537102029
0.9935989669823034
0.7694755711005988
0.9836095191653406
0.9881523428327674
0.9988114507677475
0.9992776700966909
0.9995884117876215
0.9982150600675029
0.9992398940739278
0.9999796632943544
