0.9998820821885931
0.9995237282066498
0.9989208919549198
0.998070825201808
0.9969679373035333
0.9955986135358625
0.9939352844126412
0.9919301388245846
0.989508975086264
0.9865657609908497
0.9829586132350151
0.9785080452867403
0.9729986158645416
0.9661854260546092
0.9578072896834503
0.9476085612821661
0.9353711599225465
0.9209566694381076
0.9043550156083529
0.885731368681767
0.8654582605479211
0.8441184651403557
0.8224688973264895
0.8013663528035221
0.7816679138341962
0.7641254864091711
0.7492917732503644
0.7374461903383712
0.7285400419942903
0.7221567947493018
0.717488232500712
0.7133401742148352
0.7081969220248616
0.7003787290557851
0.6882981287469322
0.6707359370664832
0.6469156970276574
0.6159532153584767
0.5748146809096464
0.5129501695566571
0.4062274117451267
0.2514709811376116
-0.01408543811385918
-0.016518690770916167
-0.014615523124921209
-0.010216023434678914
-0.005977040603510945
-0.0029375637180989477
-9.280619996489427e-8
-1.909380895238844e-8
