0.9998928920568048
0.9995618679649912
0.9989919815911894
0.9981661307888302
0.997062592306665
0.9956521962299226
0.9938953555770847
0.9917392381373431
0.9891154082916872
0.9859383377230044
0.9821052356670981
0.9774977788078729
0.971986368741231
0.9654376958938518
0.9577262279711193
0.948750312908493
0.9384526327711611
0.9268442679363535
0.9140289295343589
0.900222744938109
0.8857612598077336
0.8710837841409812
0.8566853485574691
0.8430317499455661
0.8304456889494811
0.8189899511514414
0.8083875260515924
0.7980168131938948
0.786997269622229
0.7743507528164522
0.7591944552541088
0.7409052876369556
0.719211783714939
0.6942164479191842
0.6664188720483869
0.6368868465957293
0.6078483747064226
0.5841757543460626
0.5716627552177834
0.5377196576639652
0.43181894179546704
0.18500988523939693
-2.3751873845981913e-21
-1.4946643365428728e-22
-4.8744522467185895e-21
-3.502442188088068e-23
-1.155421970347921e-25
-4.650778045856508e-31
-8.717958798194585e-35
-1.4934370231703272e-38
