0.9999999996249659
0.9999999934923964
0.999999964203575
0.9999998759349513
0.9999996680378476
0.9999992428947192
0.9999984513859304
0.9999970712133893
0.9999947763157714
0.999991093288961
0.9999853391259597
0.9999765321264525
0.999963264402961
0.9999435197998419
0.9999144151443573
0.9998718358803512
0.999809930626956
0.9997204265808719
0.9995917367481182
0.9994078661255089
0.9991472141425409
0.9987815554105409
0.99827580464799
0.9975896416879202
0.9966825542189794
0.9955239016491855
0.9941083528776198
0.9924736476249901
0.9907126825146656
0.9889692483049245
0.9874119241522381
0.9861938872500002
0.9854174227657931
0.9851191047660741
0.9852773392908469
0.9858320667445312
0.9867050261492323
0.9878144083855418
0.9890831329224179
0.9904424912787761
0.991833155607875
0.9932049510020635
0.9945161598883075
0.9957327111295015
0.9968273874165948
0.997779087091158
0.9985721407145338
0.9991956738966807
0.9997134818182821
0.9999306370257787
