1.4453066142529246e-5	-7.586513965164078e-5	1.956230328949934e-6	1.9641807945144897e-5	0.0025578021513879006	-0.0003955389961609505	0.0003503705743167724	1.7471177128075332e-5	1.0453072900624554e-5	-1.048473159708022e-5	9.925135555143921e-6	-1.655208393064294e-5	0.0006563048043506344	-5.42345058305288e-6	1.2293532225927063e-7	-1.1793894652239762e-5
2.8909505564696607e-5	-0.000151486710482147	3.9037324581346005e-6	3.933534002122196e-5	0.00510892652126192	-0.0007900330084702505	0.0006997818920062121	3.489158677730395e-5	2.077153876024676e-5	-2.093593220160743e-5	1.980882000624531e-5	-3.303692547501544e-5	0.0013109135659907117	-1.0827236720773525e-5	2.4453262327358033e-7	-2.3548522021888948e-5
4.3372746271997145e-5	-0.00022662179262980786	5.833796798067388e-6	5.9132393004267824e-5	0.007646714172835337	-0.0011824398536585752	0.0010472771574407114	5.221059514600236e-5	3.082105857148546e-5	-3.1320163732209673e-5	2.960970532797277e-5	-4.938738828050423e-5	0.00196213509510511	-1.6191754450082033e-5	3.634609888886617e-7	-3.5224728587714364e-5
5.7846325517056515e-5	-0.0003010287626048688	7.737750940670441e-6	7.908490855059187e-5	0.010164543812515471	-0.001571722942891962	0.0013919044911971242	6.937783546894774e-5	4.046782886568055e-5	-4.160417370468788e-5	3.9286649415907345e-5	-6.553654788712107e-5	0.002608287895688818	-2.14975206202233e-5	4.784036986755667e-7	-4.6783588070792734e-5
7.233394391226966e-5	-0.0003744679376117731	9.606978152190934e-6	9.924504461322464e-5	0.012655850495955565	-0.001956854062181484	0.001732719373684512	8.634334074166001e-5	4.957884816204245e-5	-5.1754987468141076e-5	4.879881845624955e-5	-8.141779723740787e-5	0.0032477049825275113	-2.672523291883156e-5	5.880652717029783e-7	-5.8186514355295946e-5
8.683951893083656e-5	-0.00044670221524479035	1.143293574900734e-5	0.0001196652456332	0.015114144195751517	-0.0023368161326664384	0.002068787071439333	0.00010305767549397327	5.802218183561187e-5	-6.173999976758502e-5	5.810578858811061e-5	-9.696495166356126e-5	0.003878738662346359	-3.1855829442869056e-5	6.911784511406822e-7	-6.939537357064575e-5
0.00010136723759482665	-0.0005174977070311955	1.320717331767977e-5	0.00014039831110268248	0.01753302818516063	-0.0027106059441336767	0.002399185040371562	0.00011947206629935323	6.56672248820618e-5	-7.15270654109612e-5	6.716764662504385e-5	-0.00011211235317901331	0.004499765267311775	-3.6870547664376405e-5	7.865111075367359e-7	-8.037259505850302e-5
0.00011592160815104834	-0.0005866243643101917	1.4921350740933498e-5	0.0001614974621015917	0.0199062171926445	-0.003077236855196985	0.0027230053002975513	0.00013553853070929844	7.238496206172593e-5	-8.10845888204903e-5	7.594508960458005e-5	-0.0001267949739029951	0.005109189829181157	-4.1750982642381925e-5	8.728730408094094e-7	-9.108128095063375e-5
0.00013050751053816126	-0.000653856594953214	1.656725599168137e-5	0.00018301640541511046	0.022227555282566376	-0.0034357414536366	0.003039356775160506	0.00015121000430574514	7.804822491067084e-5	-9.038161225087978e-5	8.439952293715331e-5	-0.0001409485184482131	0.005705450682532703	-4.647914433406961e-5	9.491226612417399e-7	-0.00010148531408689876
0.0001451302454516511	-0.0007189738694520775	1.8136822657688082e-5	0.00020500939484635987	0.0244910334180038	-0.003785174170489865	0.0033473675934170416	0.00016644046556867035	8.253194511310029e-5	-9.93879024599496e-5	9.249315692893539e-5	-0.00015450952510367023	0.0062870239856711455	-5.1037513860401515e-5	1.0141735300622883e-6	-0.00011154946400644313
0.00015979558181698317	-0.0007817613149256698	1.9622147160058397e-5	0.00022753128934648498	0.026690806662371513	-0.004124613841589893	0.0036461873431587314	0.00018118505826106665	8.571340373692738e-5	-0.00010807403562079151	0.00010018910145673906	-0.00016741546564690276	0.0068524281479957205	-5.5409098583822953e-5	1.0670007405379068e-6	-0.00012123949074961129
0.00017450980248544636	-0.0008420102956233642	2.1015505629387438e-5	0.00025063760759347223	0.028821210977381148	-0.004453166210369053	0.0039349892766399296	0.00019540021103910035	8.747247584289111e-5	-0.00011641148026860496	0.00010745145857728294	-0.00017960484362241299	0.007400228152832614	-5.957748585844349e-5	1.10664712089421e-6	-0.00013052224621316509
0.00018927974797188537	-0.0008995189785340942	2.230937040414664e-5	0.0002743845786611387	0.030876779575796064	-0.004769966365878427	0.004212972458997909	0.00020904375400158484	8.769186998718288e-5	-0.0001243726780798619	0.0001142454128577351	-0.0001910172909259197	0.007929039764975927	-6.35268953161766e-5	1.1322292408144234e-6	-0.0001393657728070328
0.0002041128580586991	-0.0009540928827439581	2.3496426116689395e-5	0.0002988291884308979	0.032852258788466614	-0.005074181110122592	0.004479363856077851	0.00022207503189986517	8.625736214809463e-5	-0.00013193112228642551	0.00012053731921955446	-0.00020159366253716268	0.008437533612447867	-6.724222955573109e-5	1.1429432037474858e-6	-0.0001477393991670502
0.00021901721109611195	-0.0010055454112222117	2.456958533314476e-5	0.0003240292214110834	0.03474262340625117	-0.0053650112489704764	0.004733420356413137	0.0002344550137368052	8.305802361874509e-5	-0.00013906143353266956	0.00012629478809321115	-0.00021127612924740148	0.008924439132279463	-7.070912310506468e-5	1.1380702077801237e-6	-0.00015561383268495165
0.00023400156083483225	-0.0010536983637555743	2.5522003714425425e-5	0.0003500432976417687	0.036543091458641055	-0.005641693801078101	0.0049744307225608	0.00024614639849179613	7.798644242039899e-5	-0.00014573943298951637	0.00013148676768739146	-0.0002200082682314486	0.009388548370428029	-7.391398953193498e-5	1.116981858393625e-6	-0.0001629612486242274
0.0002490753706337412	-0.0010983824297936928	2.6347094666602557e-5	0.0003769309043771144	0.03824913839220691	-0.005903504119446365	0.005201717467152045	0.0002571137167175172	7.09389378042978e-5	-0.00015194221254560285	0.00013608362318274925	-0.0002277351513180297	0.009828719626284807	-7.684406658149661e-5	1.0791452170337703e-6	-0.00016975537559834925
0.0002642488448922269	-0.0011394376600144297	2.703854344999638e-5	0.0004047524222523167	0.03985651061337086	-0.0061497579204370725	0.005414638649188599	0.0002673234277635886	6.181576742419323e-5	-0.00015764820190249858	0.00014005721266715569	-0.0002344034308164985	0.010243880932586205	-7.948745922449454e-5	1.0241275700696713e-6	-0.00017597157719628222
0.0002795329575641473	-0.0011767139154661235	2.7590320717491114e-5	0.0004335691456581009	0.04136123836147649	-0.0063798132152821365	0.005612589586296461	0.00027674401239220954	5.052132677691318e-5	-0.00016283723240800412	0.00014338095963669235	-0.00023996142276241556	0.010633033361922967	-8.183318050447548e-5	9.516009034025949e-7	-0.00018158692954910354
0.0002949394776181778	-0.00121007129319511	2.7996695453807255e-5	0.0004634432970624648	0.04275964787967632	-0.006593072139344112	0.005795004478839311	0.00028534606056137917	3.696434052425213e-5	-0.00016749059746905382	0.00014602992189432636	-0.00024435918744923336	0.010995254151443349	-8.387119007757446e-5	8.613460687084922e-7	-0.000186580294640945
0.0003104809913174294	-0.0012393805273204397	2.8252247288748686e-5	0.0004944380350369036	0.04404837285278012	-0.006788982674620498	0.005961357941993925	0.0002931023541623074	2.105804532623323e-5	-0.00017159110939360641	0.00014798085668627547	-0.0002475486071183071	0.011329699637767752	-8.559243034382082e-5	7.532566280551149e-7	-0.000190932389177323
0.00032617092119973084	-0.0012645233645737154	2.835187815878331e-5	0.0005266174557626358	0.04522436508290137	-0.006967040261228604	0.006111166442098718	0.00029998794450912547	2.7203638333014487e-6	-0.00017512315251911212	0.00014921228192449763	-0.0002494834606846416	0.011635607994572018	-8.698886007453107e-5	6.273423644256082e-7	-0.00019462584883420396
0.00034202354164878485	-0.0012853929133802842	2.8290823292712963e-5	0.0005600465878113584	0.04628490437550434	-0.007126789293862402	0.00624398963380404	0.0003059802243909742	-1.8125930496768632e-5	-0.00017807273249368798	0.00014970453335251118	-0.00025011949538121525	0.011912301765754515	-8.805348544620811e-5	4.837324465023243e-7	-0.00019764528772185785
0.00035805399095556017	-0.0013018939656183998	2.8064661498636318e-5	0.0005947913800147476	0.04722760761027996	-0.0072678244994763665	0.006359431594778003	0.00031105899450894895	-4.155305807255573e-5	-0.0001804275215849805	0.00014943981752084146	-0.00024941449521033665	0.01215919018757632	-8.87803883974295e-5	3.226782369170271e-7	-0.00019997735290863783
0.00037427827977870413	-0.0013139432902553793	2.766932473090536e-5	0.0006309186822571545	0.04805043697316794	-0.007389792192723712	0.006457141954954435	0.00031520652413319383	-6.762808762901076e-5	-0.0001821768999008367	0.00014840226044778268	-0.000247328346096321	0.012375771293653743	-8.916475223146875e-5	1.445557340525504e-7	-0.00020161077386127987
0.00039071329592248167	-0.0013214698981240417	2.7101106917317603e-5	0.0006684962190468775	0.04875170732778553	-0.007492391405957036	0.006536816917549214	0.0003184076058286344	-9.641280074944906e-5	-0.00018331199241532144	0.00014657795185083665	-0.00024382309763977338	0.01256163379718707	-8.920288439384409e-5	-5.013236161326618e-8	-0.00020253640667011229
0.0004073768053606655	-0.0013244152771686563	2.6356672028370987e-5	0.0007075925557426708	0.04933009270651833	-0.007575374890887122	0.006598200169317214	0.0003206496041113767	-0.00012796356670438604	-0.0001838257017032754	0.00014395498484412193	-0.00023886302137995712	0.012716458745326804	-8.889223636060289e-5	-2.60754964702518e-7	-0.0002027472729396666
0.00042428744944501156	-0.0013227335975571912	2.5433061372029253e-5	0.0007482770573340783	0.04978463190357177	-0.0076385499892906526	0.006641083677774137	0.0003219224979116757	-0.00016233122784095773	-0.00018371273629650683	0.00014052349100721574	-0.0002324146654780443	0.01284002094110918	-8.823142057992767e-5	-4.865513128012768e-7	-0.00020223859323757813
0.00044146473824728934	-0.0013163918861255656	2.432770009910483e-5	0.0007906198396963456	0.05011473315436534	-0.007681779370458313	0.00666530837336452	0.0003222189167335251	-0.00019956099573491414	-0.00018296963458480376	0.00013627567074127604	-0.00022444690574055856	0.012932190128933376	-8.72202244165604e-5	-7.266300711545263e-7	-0.00020100781500730856
0.00045892903999439295	-0.0013053701696898127	2.303840290605324e-5	0.0008346917132632953	0.050320177887774535	-0.007704981633381196	0.006670764714819184	0.00032153417041533777	-0.00023969235829511903	-0.00018159478419523328	0.0001312058188388638	-0.0002149309929089281	0.01299293194010353	-8.58596210555793e-5	-9.79968839367142e-7	-0.000199054634863103
0.0004767015665667642	-0.0012896615868333789	2.1563378923689992e-5	0.0008805641190844808	0.05040112353988166	-0.007708131771984691	0.006657393136211418	0.00031986627241082933	-0.0002827589979880285	-0.00017958843679364114	0.00012531034520463075	-0.00020384059614780476	0.01302230859551856	-8.415177732921222e-5	-1.2454140642847464e-6	-0.00019638101519867292
0.0004948043550411348	-0.0012692724678490008	1.9901235782082028e-5	0.0009283090572559954	0.05035810542007844	-0.0076912615020341794	0.006625184374490624	0.00031721595652404896	-0.0003287887213267749	-0.00017695271826283758	0.00011858779067492464	-0.00019115184267168325	0.013020479363158553	-8.21000584376054e-5	-1.521681362216119e-6	-0.0001929911950543406
0.0005132602452695473	-0.001244222382587636	1.8050982843624827e-5	0.0009779990077377365	0.05019203762257197	-0.007654459448655635	0.006574179676544726	0.0003135866870474982	-0.0003778033997464807	-0.00017369163422265203	0.00011103883789537066	-0.0001768433534562699	0.012987700768589927	-7.97090295417855e-5	-1.8073562526340475e-6	-0.0001888916952007729
0.0005320928534975627	-0.0012145441560405658	1.6012033598094378e-5	0.0010297068435932962	0.04990421297856888	-0.007597871193735473	0.006504470885117341	0.00030898466226739787	-0.0004298189219640701	-0.00016981107086781633	0.00010266631722659219	-0.0001608962749881038	0.012924326557288184	-7.698445421442389e-5	-2.1008953044618926e-6	-0.00018409131741093025
0.0005513265420356004	-0.0011802838515548623	1.378420721525212e-5	0.00108350573671224	0.04949630204665183	-0.007521699182787322	0.006416200403182227	0.0003034188113153817	-0.000484845157897406	-0.00016531879111048427	9.347520765940669e-5	-0.00014329430701301804	0.012830807408158269	-7.393328974143196e-5	-2.4006276950161586e-6	-0.00017860113790543386
0.0005709863850084015	-0.001141500721656803	1.1367729252378812e-5	0.0011394690560980454	0.04897035114110831	-0.007426202491197936	0.00630956103665511	0.0002969007843611636	-0.0005428859341949717	-0.000160224426025082	8.347263273205305e-5	-0.0001240237262511736	0.012707690398215187	-7.056367927485908e-5	-2.704757180636159e-6	-0.00017243449497018692
0.0005910981302186201	-0.001098267126532288	8.763231515917007e-6	0.0011976702588284277	0.04832877940022076	-0.007311696450089343	0.006184795715600983	0.0002894449361560267	-0.0006039390214036045	-0.00015453946160408303	7.266785145325002e-5	-0.00010307340605360298	0.01255561821897097	-6.688494084501498e-5	-3.0113644769936327e-6	-0.00016560697075872487
0.0006116881571715778	-0.0010506684202877916	5.97175107820361e-6	0.001258182773818264	0.04757437489877547	-0.007178552132359275	0.006042197094372879	0.00028106830295227014	-0.0006679961327781391	-0.00014827722084420072	6.107224424611944e-5	-8.043483198238595e-5	0.012375328145657559	-6.290755324718721e-5	-3.318410046035442e-6	-0.0001581363673054151
0.0006327834313191023	-0.0009988028051895737	2.994728452077056e-6	0.0013210798785384132	0.04671028981128675	-0.007027195699785545	0.005882107031395242	0.00027179057283899125	-0.0007350429347130619	-0.0001414528411933477	4.8699293939222194e-5	-5.6102113303838363e-5	0.012167650760995843	-5.8643138825739865e-5	-3.623737285481968e-6	-0.00015004267678920576
0.0006544114545912711	-0.0009427811541527528	-1.659950720653954e-7	0.0013864345688668425	0.045740034634662266	-0.00685810761240232	0.005704915949580658	0.00026163404954975	-0.0008050590687527197	-0.00013408324739951714	3.556456184210496e-5	-3.0071990391280153e-5	0.01193350843579959	-5.410444318576062e-5	-3.92507611577517e-6	-0.0001413480461011516
0.0006766002122955633	-0.0008827268018251242	-3.5081809203999765e-6	0.001454319422271118	0.04466747148124577	-0.006671821701675819	0.005511062078642494	0.00025062360981271454	-0.0008780181851130993	-0.0001261871198134634	2.1685658953839387e-5	-2.343838041178619e-6	0.011673913569276217	-4.930531186974326e-5	-4.220046958354876e-6	-0.00013207673578234997
0.000699378116473544	-0.0008187753046832172	-7.029197552871148e-6	0.0015248064545437044	0.043496806455362615	-0.006468924109323577	0.005301030580836984	0.00023878665432879584	-0.0009538879876248928	-0.00011778485820767375	7.0822123640038905e-6	2.708033528637975e-5	0.011389966592454304	-4.426066404403589e-5	-4.506165098135227e-6	-0.00012225507341220537
0.0007227739458156055	-0.0007510741706297642	-1.0726025593572189e-5	0.001597966970333532	0.042232581128655265	-0.006250052093934118	0.005075352561936138	0.00022615305247800525	-0.0010326302899844595	-0.00010889854118460962	-8.224173083590256e-6	5.819589228480756e-5	0.011082853738728344	-3.898646324694065e-5	-4.780845422062563e-6	-0.00011191140154004703
0.0007468167822445365	-0.0006797825586524803	-1.4595263762706988e-5	0.0016738714077387618	0.04087966313162577	-0.006015892707852088	0.0048346039694969175	0.00021275508086878928	-0.0011142010831764625	-9.955188125752883e-5	-2.4209957783432648e-5	9.099557565057162e-5	0.010753844586063637	-3.349968525739637e-5	-5.041407524659485e-6	-0.00010107602026605124
0.0007715359442886796	-0.0006050709491734864	-1.863313559682849e-5	0.0017525891772467623	0.03944323588089506	-0.005767181347096707	0.0045794043807516034	0.00019862735585936362	-0.001198550613909459	-8.97701756973549e-5	-4.0849714925590524e-5	0.00012546952093304856	0.010404289375946976	-2.7818283150096093e-5	-5.2850811705045145e-6	-8.978112459010878e-5
0.0007969609173752231	-0.000527120785786867	-2.2835496942377247e-5	0.0018341884953277236	0.037928787463740114	-0.005504700177378487	0.004310415682698882	0.00018380676019406043	-0.0012856234738835676	-7.958025324901396e-5	-5.811618251589146e-5	0.00016160527334561965	0.010035616114700668	-2.1961149609674755e-5	-5.509012102659494e-6	-7.806073665972155e-5
0.000823121281183668	-0.00044612408914848807	-2.719784420590541e-5	0.0019187362130081882	0.03634209870347567	-0.005229276439569515	0.004028340647224203	0.0001683323639113954	-0.001375358699687616	-6.901041683039651e-5	-7.598031974706867e-5	0.0001993878084921585	0.00964932746329741	-1.5948076583230887e-5	-5.710268185144699e-6	-6.595063306017894e-5
0.0008500466342087149	-0.0003622830438471307	-3.1715323342771554e-5	0.002006297639770036	0.03468923043120063	-0.004941780638265637	0.003733921404320695	0.00015224533969389437	-0.001467689883101888	-5.8090382336586003e-5	-9.441136759908029e-5	0.00023879955695635643	0.009246997422320128	-9.799712356899799e-6	-5.88584586667356e-6	-5.348826730210777e-5
0.0008777665156907205	-0.00027580955914922796	-3.638273956452858e-5	0.002096936363138751	0.03297650999132933	-0.004643124617354291	0.0034279378167182705	0.00013558887284271102	-0.0015625452915618164	-4.685121368122238e-5	-0.000113376913537207	0.0002798204326947544	0.008830267819203267	-3.5375161484717306e-6	-6.032676951998134e-6	-4.071268767301881e-5
0.00090631032508043	-0.00018692480457064333	-4.1194567743713756e-5	0.0021907140643427324	0.03121051701016583	-0.004334259526768178	0.003111205759457222	0.00011840806607262447	-0.0016598479985177697	-3.532525421579966e-5	-0.00013284296016724984	0.00032242786516794826	0.008400844605368645	2.8162896858841527e-6	-6.147635666385928e-6	-2.7664450630613243e-5
0.0009357072392129016	-9.58587212881489e-5	-4.6144963493275165e-5	0.0022876903304420684	0.029398068458556956	-0.004016173684862806	0.00278457530816415	0.00010074983933517609	-0.0017595160234063938	-2.354605467633403e-5	-0.00015277399769813446	0.00036659683513811644	0.007960493971329512	9.238769726863764e-6	-6.227545997947837e-6	-1.438552992639622e-5
0.0009659861273733474	-2.8495104601314098e-6	-5.1227774896453206e-5	0.0023879224633414093	0.027546203041365926	-0.0036898903411036444	0.0024489288400008045	8.266282488938396e-5	-0.001861462480930009	-1.1548297815131024e-5	-0.00017313308005357535	0.0004122999140549303	0.007511038288278657	1.5706327739687784e-5	-6.269189301770974e-6	-9.192216584893931e-7
0.0009971754644450756	9.185690041934912e-5	-5.643655486156676e-5	0.002491465286116589	0.025662164948145143	-0.0033564653439862023	0.0021051790514607462	6.41972578506921e-5	-0.0019655957393222177	6.322801166574612e-7	-0.00019388190446613209	0.0004595073069459543	0.007054351885100496	2.2194760979230176e-5	-6.269312149078088e-6	1.2689954537545289e-5
0.0010293032423366799	0.00018800741195688366	-6.176457407484304e-5	0.0025983709470988737	0.0237533870009477	-0.003016984719339269	0.0017542668973839735	4.5404862459523674e-5	-0.0020718195872602013	1.2958970862403357e-5	-0.00021498089437902695	0.0005081868987218689	0.006592356670151345	2.867931643252693e-5	-6.224634403940839e-6	2.639635794158854e-5
0.001062396879892254	0.00028534232686066983	-6.720483452318018e-5	0.002708688722173943	0.021827473236697842	-0.0026725621643768887	0.0013971594557449694	2.633873432097585e-5	-0.0021800334090673716	2.539417844880807e-5	-0.00023638928547353816	0.0005583043038013137	0.0061270176075358266	3.5134748873703994e-5	-6.1318575094169355e-6	4.0153332618297956e-5
0.0010964831314944786	0.00038359594223350284	-7.275008355753972e-5	0.0028224648157648513	0.019892180962939945	-0.002324336463068235	0.0010348477229451755	7.053218876819031e-6	-0.002290132367833869	3.789950608283788e-5	-0.0002580652146326028	0.0006098229189547621	0.005660338057969311	4.153538060176336e-5	-5.98767296436626e-6	5.3913316467158086e-5
0.0011315879945761147	0.0004824971588411753	-7.839282846654179e-5	0.002939742160979385	0.01795540232709929	-0.0019734688285860634	0.0006683443445059882	-1.239621361998693e-5	-0.002402007596067142	5.043584546308023e-5	-0.0002799658116445155	0.0006627039792617156	0.005194354994656843	4.78551627273483e-5	-5.788770971624923e-6	6.762795320954264e-5
0.0011677366162605942	0.000581770105998562	-8.412535152877595e-5	0.003060560219412269	0.01602514544061172	-0.0016211401787728655	0.000298681286212486	-3.1953096349601756e-5	-0.002515546393470364	6.296346830584336e-5	-0.00030204729344429176	0.0007169066170705798	0.004731134104935292	5.406773787059678e-5	-5.531849237685443e-6	8.124820706167348e-5
0.0012049531993570662	0.0006811347806775709	-8.993972551135104e-5	0.0031849547811016025	0.014109515100411843	-0.00126854835072931	-7.309254909882407e-5	-5.1560097101951e-5	-0.0026306324314328998	7.544211988079371e-5	-0.0003242650606843881	0.0007723879238459028	0.004272764788718835	6.0146504128479525e-5	-5.213621903544159e-6	9.472447983549638e-5
0.0012432609079394224	0.0007803076994060571	-9.582782958128682e-5	0.0033129577651466752	0.012216693151309903	-0.0009169052607817487	-0.00044591375378317985	-7.115915209200696e-5	-0.0027471459638042954	8.783111434583967e-5	-0.00034657379642105246	0.0008291030147832137	0.0038213550650566027	6.606468016661808e-5	-4.8308285859338515e-6	0.00010800673020319035
0.0012826817727424596	0.0008790025614950196	-0.0001017813655955057	0.003444597021500977	0.0103549185337268	-0.0005674340162233111	-0.0008187068912170719	-9.069160211347185e-5	-0.0028649640435115895	0.00010008943166637591	-0.0003689275666976469	0.0008870050960675132	0.003379026398354407	7.179537128751054e-5	-4.380243507766341e-6	0.00012104459485533837
0.0013232365966114295	0.0009769309221027275	-0.000107791874734409	0.0035798961344595476	0.008532467062102098	-0.0002213659853473199	-0.0011903870096614721	-0.00011009833072472956	-0.002983960744568853	0.00011217581589985685	-0.00039127992280180884	0.0009460455346475263	0.002947908456030526	7.73116363243429e-5	-3.858684696260717e-6	0.0001337875112776682
0.0013649448602438036	0.0010738028736191735	-0.00011385075444332975	0.0037188742283641467	0.006757630980029813	0.00012006216759912254	-0.0015598621885110128	-0.00012931990415574276	-0.0031040073890181426	0.00012404887462303516	-0.00041358400496936703	0.0010061739303941705	0.0025301338095667274	8.258655520716156e-5	-3.2630232269354756e-6	0.00014618484186679386
0.0014078246284640694	0.001169327733832267	-0.00011994927564553396	0.003861545776052586	0.005038698338818401	0.000455611475818604	-0.001926036111198129	-0.00014829671262004497	-0.0032249727783320915	0.00013566717927604135	-0.00043579264730444345	0.0010673381905082844	0.0021278325910808926	8.759329704611229e-5	-2.5901924913925296e-6	0.00015818599910150588
0.0014518924572738301	0.0012632147393186967	-0.00012607860018990484	0.00400792041058034	0.003383932246704763	0.0007840436849215652	-0.002287810658951196	-0.0001669691127121742	-0.003346723428800637	0.00014698936619484085	-0.00045785848368223067	0.0011294846060395292	0.001743127117685064	9.23051885747375e-5	-1.837197466622345e-6	0.0001697405714829348
0.0014971633019203597	0.0013551737424873614	-0.00013222979849598825	0.004158002740743084	0.0018015500363823237	0.001104124282572348	-0.0026440885195483715	-0.0001852775705677966	-0.0034691238104175123	0.0001579742381014688	-0.00047973405439848886	0.0011925579303755708	0.0013781264960029858	9.669578279495706e-5	-1.00112396341093e-6	0.00018079844995431282
0.0015436504262270779	0.0014449159106916824	-0.00013839386735869753	0.004311792170927924	0.00029970239882608256	0.00141462553590692	-0.0029937758051644674	-0.00020316280546137975	-0.0035920365887763877	0.00016858086581981755	-0.000501371913327886	0.0012565014595580385	0.0010349212193040429	0.00010073892766434917	-7.914783133224371e-8	0.000191309954509114
0.0015913653134291706	0.001532154425819104	-0.0001445617478746842	0.004469282725819125	-0.0011135474683860581	0.0017143295297723075	-0.003335784673377078	-0.00022056593351462122	-0.0037153228694818312	0.00017876868998365004	-0.0005227247353519174	0.001321257114279552	0.0007155777697650221	0.00010440883466569102	9.314559022375708e-7	0.00020122596069505093
0.0016403175787567065	0.0016166051827616794	-0.00015072434345216713	0.004630462880480742	-0.0024302446499519024	0.002002031198819771	-0.0036690359453804165	-0.00023742861118791877	-0.0038388424445765725	0.0001884976225029396	-0.0005437454238162799	0.00138676552341408	0.0004221332383974134	0.0001076801470984392	2.0333039816390165e-6	0.00021049802572078812
0.0016905148840062254	0.0016979874851706402	-0.00015687253786588262	0.004795315396333944	-0.0036425631906174065	0.002276541346480701	-0.003992461715450333	-0.00025369317822695575	-0.0039624540404839485	0.00019772814755456708	-0.0005643872177772385	0.001452966108931236	0.00015658997517674323	0.00011052800793188716	3.228895983480703e-6	0.0002190785138722281
0.0017419628543398026	0.0017760247369006008	-0.00016299721331877474	0.004963817163541081	-0.004742826613648671	0.002536689643867444	-0.004305007945712858	-0.0002693027997370255	-0.004086015566962923	0.0002064214218638846	-0.000584603798796736	0.0015197971720437619	-7.90897181195888e-5	0.0001129281270601766	4.520605510612885e-6	0.00022692072094592376
0.0017946649975479779	0.0018504451275552537	-0.00016908926847207802	0.005135939050301176	-0.005723528232028277	0.002781327601669801	-0.004605637040290462	-0.00028420160705898325	-0.004209384366572513	0.00021453937404464796	-0.0006043493970467265	0.0015871959804363	-0.0002829888399178957	0.00011485684780013532	5.910671541748638e-6	0.00023397899740850862
0.0018486226260098935	0.0019209823105562093	-0.00017513963640557016	0.005311645759553365	-0.006577351204725363	0.0030093315081619358	-0.004893330392935281	-0.0002983348371227124	-0.004332417464143146	0.00022204480276632882	-0.0006235788964844837	0.0016550988564228515	-0.0004532408733347837	0.00011629121247406078	7.401189958748414e-6	0.00024020886999302467
0.001903834781580235	0.001987376072169944	-0.00018113930246997024	0.005490895693575	-0.007297188290823933	0.0032196053264940175	-0.005167090902306869	-0.00031164896995671156	-0.004454971815754081	0.00022890147351985594	-0.0006422479388624265	0.0017234412658797664	-0.0005880348908966343	0.00011720902692108633	8.99410527331719e-6	0.00024556716144568145
0.0019602981636283366	0.0020493729899447237	-0.00018707932199374605	0.005673640826950304	-0.007876161254835966	0.003411083544518066	-0.005425945449113564	-0.0003240918640358717	-0.004576904556718725	0.00023507421375539107	-0.0006603130263383326	0.001792157907800953	-0.0006856205673861884	0.00011758892378263589	1.0691202574548044e-5	0.0002500121081398836
0.00201800706045004	0.0021067270790296007	-0.0001929508378069618	0.005859826588373455	-0.008307639877169584	0.003582733970487178	-0.005668947329410601	-0.00033561288915364654	-0.004698073248083528	0.0002405290061687947	-0.0006777316224546459	0.0018611828043221266	-0.0007443130888786137	0.00011741042440968357	1.2494099718383003e-5	0.0002535034752782853
0.0020769532842675018	0.002159200424871439	-0.00019874509754524153	0.006049391751736559	-0.008585260524477209	0.0037335604680729857	-0.00589517863843557	-0.0003461630565097137	-0.004818336121150835	0.0002452330799170183	-0.0006944622512589419	0.0019304493910612614	-0.0007624979462274101	0.00011665399924211488	1.44042397796432e-5	0.0002560026694082264
0.0021371261100263275	0.0022065638008129745	-0.0002044534706974564	0.006242268336938667	-0.008702944235458976	0.0038626056242656425	-0.00610375259946122	-0.0003556951457097589	-0.004937552319542041	0.00024915499954670817	-0.0007104645943414798	0.001999890607623201	-0.0007386356014819995	0.00011530112651337933	1.6422883786821476e-5	0.00025747284798107643
0.0021985122181929512	0.0022485972691454856	-0.00021006746536134403	0.006438381520836315	-0.008654914278654514	0.003968953343855622	-0.006293815832258073	-0.00036416382838028085	-0.005055582138324131	0.0002522647514248742	-0.0007256995855701279	0.002069438988117287	-0.0006712660159696962	0.0001133343491368861	1.8551103759314535e-5	0.00025787902569184793
0.002261095641748307	0.0022850907642032944	-0.00021557874467195535	0.006637649558739342	-0.008435713139808515	0.004051731364344975	-0.0064645505558833145	-0.0003715257881082136	-0.0051722872597306175	0.00025453382746549346	-0.0007401295033078021	0.0021390267515381946	-0.0005590130290488713	0.0001107373296341536	2.0789776066216658e-5	0.00025718817734183153
0.002324857717566429	0.0023158446561243095	-0.0002209791428685813	0.006839983716838043	-0.00804021889754621	0.004110113685298628	-0.006615176720648812	-0.00037773983642273856	-0.005287530985016652	0.000255935305951428	-0.0007537180599028837	0.0022085858918617176	-0.00040058857684065755	0.00010749490296862981	2.3139575125191933e-5	0.0002553693369740155
0.0023897770423587025	0.002340670293940892	-0.00022626068096664494	0.007045288215928783	-0.007463660947343094	0.004143322906322785	-0.006744954064268985	-0.0003827670245448781	-0.005401178461997965	0.00025644392925699625	-0.0007664304882488903	0.0022780482677090797	-0.00019479674057196802	0.00010359312715331114	2.5600967459292846e-5	0.00025239369303863034
0.0024558294333561475	0.002359390526708325	-0.00023141558200194775	0.007253460186785356	-0.006701635035106272	0.004150632468046689	-0.006853184087348109	-0.0003865707506392751	-0.005513096907833888	0.000256036178282927	-0.000778233625215908	0.0023473456914354547	5.946238548987012e-5	9.901933150479568e-5	2.817420612890276e-5	0.00024823467935427537
0.0025229878938933165	0.002371840201424259	-0.00023643628581563556	0.007464389637502597	-0.0057501175631142504	0.004131368790686742	-0.006939211943536935	-0.00038911686231201493	-0.005623155826626471	0.00025469034342227	-0.0007890959917630047	0.0024164100175007763	0.00036318901615780684	9.376216242122583e-5	3.085932555524626e-5	0.00024286806163876753
0.0025912225840481065	0.002377866636541344	-0.0002413154633492893	0.00767795943311687	-0.004605479132574141	0.00408491330498675	-0.007002428239869094	-0.00039037375410836073	-0.005731227221420098	0.00025238659188308227	-0.0007989878695479522	0.002485173229983537	0.0007172801967542717	8.781162656667062e-5	3.3656136751136034e-5	0.00023627201939304483
0.0026605007964821794	0.002377330069926802	-0.00024604603042065616	0.007894045287785537	-0.00326449728864715	0.004010704370554483	-0.0070422707429784225	-0.0003903124597748408	-0.005837185800199488	0.0002491070312013503	-0.0008078813738581214	0.002553567529101192	0.0011225265326870145	8.115913134986217e-5	3.656422297381653e-5	0.00022842722293113665
0.002730786937616586	0.00237010408017697	-0.0002506211609517049	0.00811251576978386	-0.0017243684354713768	0.003908239076853356	-0.007058225987099218	-0.0003889067390612627	-0.005940909175498093	0.00024483576878565536	-0.0008157505226943395	0.002621525416603907	0.0015796091355727633	7.379752259084476e-5	3.958293581391155e-5	0.0002193169053594094
0.0028020425142668017	0.002356075980251525	-0.00025503429962192293	0.008333232319553584	1.7281109541738916e-5	0.00377707492235685	-0.007049830779961209	-0.0003861331588498463	-0.006042278057243878	0.00023955896734347725	-0.0008225713018478043	0.002688979779911769	0.0020890967938547024	6.572111927497303e-5	4.271139173360213e-5	0.00020892692931891453
0.0028742261258505775	0.0023351471824511662	-0.0002592791739210593	0.008556049281012355	0.001962384951039344	0.003616831367632729	-0.007016673602909848	-0.0003819711684107903	-0.006141176438485278	0.000233264896047783	-0.0008283217258188075	0.00275586397486921	0.0026514433753854773	5.692574529981869e-5	4.59484690662425e-5	0.00019724584831573862
0.002947293462270899	0.0023072335338239847	-0.0002633498055768621	0.00878081394630729	0.004112427367696478	0.0034271912583939287	-0.006958395901810087	-0.00037640316859618604	-0.006237491773656533	0.00022594397731163444	-0.0008329818944350348	0.002822111906994178	0.003266985468954483	4.740875812690163e-5	4.929280548867191e-5	0.00018426496247575454
0.0030211973075649655	0.00227226562114908	-0.00026724052133475604	0.009007366614169796	0.006468435005883266	0.003207902114830763	-0.006874693265526513	-0.0003694145747971854	-0.006331115149058753	0.00021758882904791864	-0.0008365340450365202	0.002887658111103691	0.003935940271231015	3.716907425670735e-5	5.2742795976505795e-5	0.00016997836857201554
0.0030958875493983613	0.00223018904471155	-0.000270945963067846	0.009235540662001522	0.009030969538072491	0.002958777283827053	-0.006765316489015723	-0.0003609938735027787	-0.006421941445250921	0.0002081943023009994	-0.0008389626001039692	0.0029524378292016006	0.004658403725069438	2.620719145222195e-5	5.629659125168143e-5	0.00015438300418529156
0.003171311194471652	0.002180964660150241	-0.0002744610971971272	0.009465162631793965	0.01180012130696357	0.0026796969509576786	-0.00663007251831614	-0.00035113267231233616	-0.006509869491063341	0.00019775751414702894	-0.0008402542102170665	0.003016387086518859	0.005434348914584719	1.4525207643150332e-5	5.995209673050419e-5	0.000137478685870808
0.0032474123898944703	0.002124568787728584	-0.0002777812234033107	0.00969605232995615	0.014775503974179996	0.002370609009467479	-0.006468825274976141	-0.0003398257432682102	-0.006594802208965124	0.00018627787576984403	-0.0008403977922395438	0.003079442765601201	0.006263624721855388	2.1268364500862233e-6	6.370697197938939e-5	0.00011926814121711086
0.003324132450569699	0.0020609933884494685	-0.00028090198261324426	0.00992802294109637	0.01795625019022916	0.002031529783741263	-0.00628149635772326	-0.00032707105938918163	-0.006676646751536695	0.00017375711562980691	-0.0008393845626381854	0.003141542678343912	0.007145954749546413	-1.0982580724827237e-5	6.755863068441754e-5	9.975703469616399e-5
0.003401409892617873	0.001990246206506914	-0.00028381936424551693	0.010160881155775311	0.02134100830021024	0.0016625446050894071	-0.006068065619443649	-0.0003128698243002701	-0.006755314628818327	0.00016019929765354892	-0.0008372080658535563	0.003202625635878352	0.00808093651317164	-2.4796066086826164e-5	7.150424113973368e-5	7.895398721716225e-5
0.003479180472859097	0.0019123508776405546	-0.0002865297127014716	0.010394427312218625	0.02492794009750786	0.0012638082379947822	-0.005828571617812747	-0.00029722649486945226	-0.006830721826326113	0.00014561083438339537	-0.0008338641976510444	0.0032626315162199594	0.009068040906130096	-3.9305000355594844e-5	7.554072725871022e-5	5.6870589310200617e-5
0.0035573772343569865	0.001827347003033083	-0.0002890297330895163	0.010628455551947812	0.0287147196354369	0.0008355451552917216	-0.005563111938193235	-0.00028014879677704807	-0.0069027889135475475	0.00013000049503618751	-0.0008293512233917644	0.003321501329592712	0.010106611940059868	-5.4499121221415644e-5	7.96647701106737e-5	3.352140787974343e-5
0.0036359305580161566	0.0017352901884660097	-0.000291316496172316	0.010862753989258797	0.03269853310449981	0.00037804966107722664	-0.005271843387695461	-0.00026164773295895866	-0.006971441142750083	0.00011337940843231438	-0.0008236697911739915	0.0033791772813503928	0.01119586676245333	-7.036652537362885e-5	8.387280998486359e-5	8.923986481832598e-6
0.0037147682202117514	0.0016362520485249236	-0.0002933874425281589	0.011097104894447872	0.03687607978059372	-0.00010831413951289858	-0.004954982059577042	-0.0002417375848805046	-0.007036608537957379	9.576106076695398e-5	-0.0008168229398070079	0.003435602832420448	0.012334895952873457	-8.689367411685395e-5	8.816104898214921e-5	-1.690116090691207e-5
0.0037938154564164657	0.0015303201757218977	-0.0002952403859195179	0.011331284890655186	0.04124357404716532	-0.0006231125241954261	-0.004612803267442303	-0.00022043590661330006	-0.007098225973969748	7.716128820680097e-5	-0.0008088161015905694	0.003490722757201844	0.013522664098502132	-0.00010406540258259813	9.252545413388679e-5	-4.393056264623522e-5
0.0038729950307773917	0.0014175980744795893	-0.00029687351586357176	0.011565065164166187	0.04579674849195649	-0.0011658424912940745	-0.004245641348987615	-0.0001977635117033755	-0.007156233245327102	5.7598264306890725e-5	-0.0007996570998845863	0.003544483198853949	0.014758010649139399	-0.0001218649325360029	9.69617610461454e-5	-7.213780871856826e-5
0.003952227311582009	0.0012982050599986265	-0.00029828539940120034	0.011798211687982065	0.05053085807662871	-0.001735932251214877	-0.003853889339325074	-0.00017374445283457513	-0.007210575125134802	3.709248225349257e-5	-0.000789356141465036	0.0035968317219192414	0.01603965105115957	-0.00014027388876960522	0.0001014654780663821	-0.00010149357653386001
0.004031430352539539	0.001172276122107153	-0.00029947498206272556	0.012030485458440598	0.05544068537518944	-0.002332741871162058	-0.003437998514203857	-0.000148405994307111	-0.007261201413694896	1.566673195043118e-5	-0.0007779258036735812	0.0036477173622283957	0.01736617815931567	-0.00015927231906808463	0.00010603189096849258	-0.00013196566322768772
0.0041105199797910105	0.0010399617542683737	-0.00030044158803042804	0.012261642744639943	0.06052054687479296	-0.002955564072276929	-0.0029984778037346264	-0.00012177857736694978	-0.007308066976907513	-6.65392802246873e-6	-0.0007653810163797979	0.003697090674042225	0.018736063924672423	-0.0001788387177201173	0.00011065606815102336	-0.0001635190244131434
0.004189409884548494	0.0009014277479988551	-0.00030118491949962566	0.012491435350388724	0.06576430033013753	-0.003603625178045505	-0.0025358930775082156	-9.389577843749442e-5	-0.007351131774429319	-2.9842203538781895e-5	-0.0007517390387863339	0.0037449037743907637	0.02014766135633657	-0.00019895005254560156	0.00011533286634218629	-0.00019611581933271226
0.0042680117212512015	0.0007568549530267091	-0.0003017050552418502	0.012719610888377352	0.07116535316034898	-0.004276086212486136	-0.002050866302283534	-6.479426032069365e-5	-0.007390360877598115	-5.3868603091454516e-5	-0.0007370194311186618	0.0037911103845757327	0.021599206754047397	-0.00021958179539873515	0.00012005693680418867	-0.0002297154623422061
0.004346235211113714	0.0006064390035944655	-0.00030200244837539985	0.012945913066237496	0.07671667187493175	-0.0049720441462973814	-0.0015440745737010891	-3.4513716450242984e-5	-0.007425724477154812	-7.870148093293466e-5	-0.0007212440212523576	0.003835665868808582	0.023088822208090106	-0.0002407079560997167	0.00012482273202827577	-0.00026427468064478825
0.004423988250929029	0.0004503900113866412	-0.00030207792335026966	0.013170081984128529	0.08241079251307175	-0.0056905332888169055	-0.0010162490237580132	-3.096808294979254e-6	-0.00745719788081581	-0.00010430708511597033	-0.0007044368663420052	0.003878527269962139	0.024614518362397506	-0.00026230111974017887	0.0001296245129107698	-0.0002997475781791863
0.004501177026977144	0.0002889322256358922	-0.00030193267215617375	0.013391854443463127	0.08823983207832659	-0.006430526823319157	-0.0004681736060552575	2.941090397427519e-5	-0.007484761500770735	-0.00013064961035072487	-0.0006866242095268433	0.003919653342419902	0.026174197436121215	-0.000284332487299957	0.0001344563563993107	-0.0003360857055525243
0.004577706133877823	0.00012230366103475727	-0.00030156824976405926	0.013610964266357252	0.09419550094850586	-0.007190938482859594	9.931623890052187e-5	6.296103742614733e-5	-0.007508400831201849	-0.0001576912555830956	-0.0006678344317991522	0.003959004582012832	0.02776565649837324	-0.00030677191950535267	0.0001393121635974266	-0.0003732381358946661
0.004653478698214609	-4.924430584836661e-5	-0.00030098656881317635	0.013827142625364003	0.10026911623836554	-0.00797062436355967	0.0006853350357912169	9.750246877545623e-5	-0.007528106415942802	-0.00018539228618858462	-0.0006480979991320654	0.003996543253039373	0.029386590990272556	-0.000329587983851787	0.0001441856683145169	-0.0004111515464977111
0.0047283965067457835	-0.0002254473708800686	-0.00030018989355740225	0.014040118383025687	0.10645161609059788	-0.008768384871919613	0.001288948841167149	0.00013298142309786515	-0.007543873806415263	-0.00021371110066574432	-0.0006274474049739799	0.004032233412370223	0.031034598487874765	-0.000352748004706599	0.00014907044604730777	-0.00044977030609129966
0.004802360139006839	-0.0004060287665618522	-0.0002991808330861191	0.01424961844075378	0.11273357486850566	-0.009582966802444845	0.0019091769216458417	0.00016934156868091732	-0.007555703510002479	-0.00024260430170309523	-0.0006059171082270033	0.004066040930645083	0.03270718269901915	-0.00037621811640077167	0.00015395992337783514	-0.0004890365675916609
0.004875269104098471	-0.0005906997552145092	-0.00029796233383651505	0.014455368096523152	0.119105219221716	-0.010413065541579707	0.002544993540314091	0.00020652411782620786	-0.007563600929039009	-0.0002720267714835986	-0.0005835434668368857	0.004097933510574303	0.034401757686599026	-0.0003999633192115972	0.00015884738777204624	-0.0005288903661500031
0.004947021981443607	-0.0007791601501771315	-0.00029653767141570145	0.014657091410843986	0.1255564449943066	-0.01125732739365704	0.003195329847775028	0.0002444679334040552	-0.0075675762906154825	-0.00030193175108118116	-0.000560364667131622	0.004127880702363887	0.03611565231024677	-0.00042394753813169804	0.00016372599776216565	-0.0005692697223138064
0.005017516565287175	-0.0009710988639878231	-0.00029491044175252823	0.014854511580453082	0.13207683494280212	-0.012114352024296338	0.0038590758740467686	0.0002831096409490842	-0.007567644567416427	-0.0003322709237945522	-0.0005364206490553665	0.004155853916287786	0.037846114877926905	-0.0004481336843134408	0.00016858879349506485	-0.0006101107501029578
0.005086650012702707	-0.0011661944824523398	-0.00029308455160041675	0.015047351319145497	0.13865567722965036	-0.012982695016417458	0.004535082617292656	0.0003223837460726404	-0.007563825389827832	-0.0003629945022546149	-0.0005117530274534206	0.00418182643243679	0.039590317998451446	-0.0004724837190716467	0.00017342870762800266	-0.0006513477697914442
0.0051543189948608055	-0.0013641158634480793	-0.0002910642084139213	0.01523533324514755	0.14528198465600636	-0.013860870533779891	0.005222164225143995	0.0003622227569558849	-0.00755614294956912	-0.0003940513191331548	-0.00048640500957287426	0.004205773407678522	0.04134536362546847	-0.0004969587203215671	0.00017823857655226293	-0.000692913425174514
0.005220419851305901	-0.001564522759254787	-0.00028885390962307044	0.015418180274413709	0.1519445145959533	-0.014747354086712782	0.005919100264167154	0.00040255731167590704	-0.007544625895121685	-0.0004253889212722646	-0.000460421308951905	0.004227671879868222	0.04310828828303416	-0.0005215189513234648	0.00018301115192442146	-0.0007347388050908972
0.0052848487469795155	-0.001767066461149568	-0.00028645843133082096	0.015595616019212085	0.1586317895926618	-0.015640585394466246	0.006624638072826488	0.00044331631010615237	-0.007529307219242808	-0.0004569536670460845	-0.00043384805587883	0.004247500769354869	0.04487606846245607	-0.0005461239315997259	0.00018773911248421216	-0.0007767535689598055
0.005347501831720638	-0.001971390464952807	-0.0002838828164601892	0.01576736519134704	0.1653321185754481	-0.0165389713383919	0.007337495193104286	0.00048442705012199765	-0.007510224138869942	-0.0004886908267589734	-0.00040673270460968324	0.004265240877832093	0.04664562617969551	-0.0005707325098853288	0.0001924150761372473	-0.0008188860760830783
0.005408275401966691	-0.002177131156163511	-0.0002811323623787845	0.015933154009352163	0.1720336186552394	-0.017440888999950742	0.008056361875759454	0.0005258153678324203	-0.0074874179677355815	-0.0005205446858771814	-0.00037912393754035463	0.004280874884587933	0.048413834682239976	-0.0005953029389676747	0.0001970316122801755	-0.0008610635184540285
0.005467066064371903	-0.0023839185132770234	-0.00027821260802958134	0.0160927106089728	0.17872423745458046	-0.018344688777347896	0.008779903654036612	0.000567405781549365	-0.007460933982027591	-0.0005524586508844376	-0.00035107156653621014	0.004294387340211983	0.050177524294000436	-0.0006197929522672403	0.00020158125434522852	-0.000903212056806208
0.0055237709010539145	-0.002591376827836013	-0.00027512932059779927	0.016245765456244846	0.18539177592705097	-0.019248697574410462	0.009506763980480034	0.0006091216391977618	-0.007430821279443587	-0.0005843753575457191	-0.00032262643162849186	0.004305764657822782	0.05193348838645999	-0.0006441598420063329	0.00020605651254053262	-0.0009452569596276384
0.005578287636173908	-0.0027991254397262077	-0.0002718884817447358	0.016392051762465	0.19202391161977694	-0.02015122205515287	0.010235566921359603	0.0006508852688610602	-0.007397132632000963	-0.0006162367813577109	-0.0002938402972927821	0.004314995101882411	0.053678489463993326	-0.0006683605388093051	0.00021044988676202265	-0.0009871227448588597
0.005630514803550688	-0.003006779486192365	-0.00026849627344029776	0.01653130590033773	0.19860822233164285	-0.021050551957317764	0.010964919903081218	0.0006926181321497508	-0.00735992433297623	-0.0006479843499592292	-0.00026476574653030294	0.004322068774669163	0.05540926535099724	-0.0006923516925740444	0.00021475387965231516	-0.0010287333239866181
0.005680351915004772	-0.0032139506630172185	-0.0002649590634268077	0.016663267820575634	0.20513221011883018	-0.021944963458037682	0.011693416504831371	0.0007342409800736078	-0.007319256038358616	-0.0006795590572700997	-0.0002354560729778341	0.00432697760048291	0.05712253546821824	-0.0007160897544513183	0.00021896100978146442	-0.0010700121482390703
0.005727699629124858	-0.0034202479962765777	-0.00026128339034742215	0.01678768146822239	0.21158332559842932	-0.02283272258463471	0.012419639291594951	0.0007756740110923263	-0.007275190603213167	-0.0007109015791227008	-0.0002059651712765708	0.004329715307661245	0.05881500718543636	-0.0007395310597656755	0.00022306382492414022	-0.0011108823565830468
0.005772459920145963	-0.0036252786230577846	-0.0002574759485731777	0.016904295197962032	0.2179489925000999	-0.023712088663462347	0.01314216268158749	0.0008168370310138749	-0.007227793913358054	-0.0007419523901466093	-0.00017634742593426286	0.004330277408487813	0.06048338223746415	-0.0007626319117090755	0.00022705491540744044	-0.0011512669252192527
0.0058145362466259795	-0.003828648579506134	-0.00025354357276329215	0.017012862187673596	0.2242166324150894	-0.024581317799596193	0.013859555842058289	0.0008576496144052472	-0.007177134712769249	-0.0007726518816635231	-0.00014665759891849392	0.004328661177077281	0.06212436319024821	-0.000785348665636254	0.00023092692750327297	-0.0011910888182672392
0.0058538337196056035	-0.004029963594544702	-0.0002494932221938747	0.017113140849487365	0.23037368969135877	-0.02543866638009706	0.014570385607348323	0.0008980312671763511	-0.007123284427133295	-0.0008029404803468777	-0.00011695071622197177	0.004324865625324277	0.06373465994371603	-0.0008076378137890073	0.00023467257683902016	-0.001230271139328593
0.005890259269935361	-0.004228829887597685	-0.0002453319648906503	0.017204895237597544	0.2364076564231204	-0.02628239459350428	0.015273219413028815	0.0009379015899946142	-0.007066316983975399	-0.0008327587673983831	-8.728195364315889e-5	0.0043188914770061855	0.06531099625789642	-0.0008294560702751636	0.0002382846618000324	-0.0012687372836141081
0.005923721814452852	-0.004424854968635208	-0.00024106696160167696	0.017287895452086054	0.2423060974827496	-0.02711076995816488	0.015966628239899965	0.0009771804421853866	-0.007006308629795759	-0.0008620475979919837	-5.77065220275481e-5	0.004310741140132123	0.06685011628875405	-0.0008507604561269131	0.00024175607689738352	-0.0013064110903186201
0.00595413242069345	-0.004617648438849422	-0.00023670544964632303	0.01736191803801377	0.24805667554280894	-0.02792207085196997	0.016649189561597954	0.0010157881057715416	-0.006943337744651527	-0.0008907482207346223	-2.8279552216284616e-5	0.004300418677632507	0.06834879112012149	-0.000871508384262487	0.000245079826074264	-0.0013432169949258498
0.0059814044698183666	-0.004806822790267064	-0.0002322547266769832	0.01742674637903844	0.2536471760358097	-0.028714590036050553	0.017319490289539764	0.001053645449304703	-0.006877484654625445	-0.0009188023968925709	9.440200502874975e-7	0.004287929776485552	0.06980382527808439	-0.0008916577441748629	0.0002482490359243898	-0.0013790801811249202
0.006005453817445399	-0.004991994202602537	-0.00022772213439014143	0.017482171084822973	0.2590655319993298	-0.029486638164981257	0.01797612970892993	0.0010906740911403026	-0.006808831442624798	-0.0009461525191320057	2.990956902621685e-5	0.00427328171537866	0.07121206321417453	-0.0009111669861712077	0.00025125696879585413	-0.0014139267320201858
0.0060261989520696176	-0.005172783335658415	-0.00022311504222343487	0.017527990371503814	0.26429984875422247	-0.030236547276054543	0.018617722399562758	0.0011267965618092317	-0.006737461757955858	-0.0009727417295230001	5.8562893402966284e-5	0.004256483331004078	0.07257039574375751	-0.0009299952049872333	0.00025409703575396533	-0.0014476837803167344
0.006043561150764013	-0.0053488161155864945	-0.0002184408310753408	0.017564010434496468	0.2693384283638706	-0.03096267425021616	0.019242901135175097	0.0011619364651401182	-0.006663460625119581	-0.0009985140365570949	8.685033005487077e-5	0.00423754498308936	0.07387576642605982	-0.0009481022226014273	0.0002567628093767768	-0.0014802796571652492
0.006057464631853282	-0.005519724513332557	-0.00021370687708399073	0.017590045812924157	0.27416979382277684	-0.03166340423729824	0.019850319755140986	0.0011960186377883235	-0.006586914252273872	-0.001023414430930177	0.00011471886684133792	0.004216478518264061	0.07512517787236922	-0.0009654486700753247	0.00025924803635723857	-0.0015116440393520075
0.006067836704257995	-0.005685147313601681	-0.0002089205355014217	0.01760591974496602	0.2787827129232286	-0.03233715403824751	0.0204386560023487	0.001228969306830524	-0.006507909839806262	-0.001047388999844478	0.00014211625422190388	0.004193297232864744	0.07631569796906008	-0.0009819960682475432	0.00026154664988617805	-0.0015417080945224896
0.0060746079132108525	-0.005844730872698054	-0.00020408912469929572	0.017611464513432967	0.2831662217493318	-0.03298237543712247	0.021006614321163065	0.0012607162450872654	-0.006426535389458422	-0.0010703850395861162	0.00016899111544260015	0.004168015834780816	0.077444466002241	-0.0009977069071112317	0.0002636527817906454	-0.0015704046241304798
0.006077712182051978	-0.005998129863614276	-0.00019921991034176117	0.017606521780892583	0.28730964774837897	-0.03359755847572705	0.02155292860945264	0.0012911889238401704	-0.00634287951444042	-0.0010923511661377842	0.00019529305505498802	0.00414065040444381	0.07850869867099847	-0.0010125447237068997	0.00026556077440255204	-0.0015976682038086282
0.006077086949815965	-0.0061450080067691785	-0.0001943200897606959	0.017590942913679092	0.29120263233028615	-0.03418123466385466	0.022076364918749234	0.001320318662615405	-0.00625703125096826	-0.0011132374235898093	0.0002209727655325742	0.004111218355062717	0.07950569597641123	-0.0010264741783652294	0.00026726519213296214	-0.0016234353208611164
0.006072673304329823	-0.0062850387848213006	-0.00018939677656805464	0.0175645892941404	0.2948351529467227	-0.034731980118241655	0.022575724096710274	0.0013480387757107688	-0.006169079871652798	-0.0011329953901170395	0.00024598213175326987	0.0040797383922075705	0.08043284697374328	-0.001039461129137521	0.00026876083272789553	-0.0016476445085845017
0.006064416110547944	-0.006417906140016246	-0.0001844569855394536	0.017527332620491543	0.2981975446025408	-0.03524841862346607	0.023049844366168536	0.0013742847151501324	-0.006079114701161745	-0.0011515782812936749	0.000270274333120954	0.004046230472842962	0.08128763537547963	-0.0010514727042547755	0.00027004273818204106	-0.0016702364771287702
0.006052264133857794	-0.006543305152560777	-0.0001795076178024591	0.01747905519366267	0.30128052075320166	-0.035729224608181384	0.023497603835180996	0.001398994209756053	-0.005987224934569184	-0.0011689410505233483	0.0002938039431041146	0.004010715763912315	0.08206764499315532	-0.0010624773724601413	0.0002711062052873744	-0.0016911542406173022
0.006036170158098194	-0.00666094269855449	-0.00017455544636230312	0.01741965019054953	0.30407519354309187	-0.03617312603024239	0.02391792293262829	0.0014221074000391697	-0.0058934994587987646	-0.001185040486367448	0.00031652702597495763	0.0039732166005727225	0.08277056500623893	-0.0010724450110635082	0.0002719467957943192	-0.0017103432402516853
0.006016091098040718	-0.0067705380860508405	-0.00016960710199694169	0.017349021923095696	0.3065730933409028	-0.0365789071644612	0.024309766764066616	0.0014435669686113776	-0.005798026677557615	-0.0011998353065607904	0.00033840123053822013	0.003933756444178874	0.08339419504666791	-0.0010813469715714025	0.00027256034616378094	-0.001727751463135142
0.0059919881060939845	-0.006871823667863686	-0.00016466905955248208	0.01726708608265823	0.30876618752964097	-0.03694541128692731	0.024672147382697723	0.0014633182658388654	-0.005700894340147978	-0.001213286248510371	0.0003593858806452852	0.003892359840113072	0.0839364500879956	-0.0010891561427500535	0.00027294297688912404	-0.0017433295565567823
0.005963826673000378	-0.006964545429782695	-0.00015974762466905621	0.017173769969132047	0.3106468985103084	-0.03727154325003376	0.025004125970496022	0.0014813094304607828	-0.005602189374532667	-0.001225356156079979	0.0003794420622959725	0.0038490523755566382	0.08439536512849534	-0.0010958470109845055	0.00027309110136794506	-0.0017570309374878733
0.005931576722304942	-0.007048463552911046	-0.00015484892096620184	0.017069012704333066	0.31220812087986005	-0.03755627194257236	0.025304814924716885	0.0014974915049095659	-0.005501997725018786	-0.001236010062470911	0.00039853270713757885	0.003803860637296056	0.08476909965797494	-0.0011013957178019544	0.00027300143430432475	-0.0017688118970508265
0.005895212698386952	-0.007123352948892067	-0.00014997887771572437	0.01695276542916588	0.3134432377457011	-0.03779863262949523	0.025573379845205826	0.0015118185450798424	-0.005400404194911545	-0.0012452152690169548	0.0004166226721784112	0.00375681216965505	0.08505594189848815	-0.0011057801144331082	0.00027267099962311126	-0.001778631699731699
0.005854713647855837	-0.0071890037668468805	-0.00014514321802887615	0.016824991484128776	0.3143461361407194	-0.03799772916618476	0.025809041418133366	0.001524247724304233	-0.0052974922944768145	-0.0012529414197200736	0.00043367881554105526	0.0037079354326414442	0.08525431280958068	-0.001108979813291219	0.0002720971378786974	-0.0017864526771175133
0.005810063294124741	-0.0072452218709036925	-0.00014034744758348316	0.01668566657273662	0.31491122150466766	-0.038152736082331225	0.02601107719199577	0.0015347394313063244	-0.005193344094536927	-0.0012591605713619307	0.00044967006808906845	0.0036572597603951357	0.08536276984918358	-0.0011109762362546064	0.00027127751314170653	-0.0017922403159507853
0.005761250104987052	-0.007291829287259875	-0.0001355968439153893	0.016534778907470835	0.31513343119959614	-0.03826290053078479	0.026178823241945762	0.0015432573619135464	-0.0050880400860095305	-0.0012638472590354034	0.00046456750076956366	0.0036048153200207034	0.0853800104817585	-0.0011117526596448545	0.0002702101193479822	-0.001795963340305104
0.005708267353033651	-0.007328664619781245	-0.00013089644629728193	0.016372329337895668	0.3150082470290023	-0.038327544097026336	0.02631167571875037	0.001549768604325604	-0.004981659045683923	-0.001266978556949645	0.0004783443875232727	0.0035506330708853766	0.08530487542581208	-0.0011112942557995214	0.00026889328609530503	-0.001797593787697562
0.005651113168761414	-0.007355583433208177	-0.0001262510462265931	0.01619833146060997	0.31453170673239106	-0.03834606446518937	0.026409092278914185	0.0015542437177475336	-0.0048742779085131065	-0.0012685341343719476	0.0004909762636231612	0.0034947447244598803	0.08513635163342534	-0.0011095881311450368	0.0002673256838743063	-0.0017971070789661665
0.0055897905862366554	-0.007372458603105511	-0.00012166517854276543	0.01601281171073537	0.31370041442903074	-0.0383179369368612	0.0264705933927549	0.0015566568042102193	-0.004765971646683286	-0.0012684963065796725	0.0005024409793124077	0.003437182704776548	0.08487357499498913	-0.0011066233606825437	0.0002655063287211353	-0.0017944820817530661
0.005524307581190601	-0.0073791806317625025	-0.00011714311319271623	0.015815809434673374	0.31251154998684183	-0.038242715799196685	0.02649576352747383	0.0015569855734154376	-0.004656813155705199	-0.0012668500807058048	0.0005127187486226245	0.003377980109575591	0.08451583276289808	-0.0011023910188066798	0.00026343458628054814	-0.0017897011674475104
0.005454677101437752	-0.007375657929320134	-0.00011268884766183705	0.015607376943896589	0.31096287729455785	-0.03812003553919074	0.02648425220252677	0.0015552114004570555	-0.00454687314775396	-0.0012635831963722526	0.0005217921932635168	0.003317170672206945	0.08406256568852942	-0.0010968842063847613	0.00026111017526922226	-0.0017827502614558672
0.005380917089522007	-0.0073618170594756645	-0.00010830610008633682	0.015387579549572589	0.30905275141755334	-0.037949611901274695	0.02643577491486866	0.001551319376284889	-0.004436220052465914	-0.0012586861610157881	0.0005296463814857119	0.003254788724351427	0.0835133698674209	-0.0010900980740314076	0.00025853317033026446	-0.0017736188866796971
0.005303050497509534	-0.007337602949188476	-0.00010399830306116399	0.015156495577852213	0.3067801246200275	-0.03773124278572823	0.026350113931919567	0.0015452983507929438	-0.004324919925382191	-0.0012521522798225355	0.0005362688618292893	0.0031908691596210744	0.0828679982881604	-0.001082029841521409	0.000255704004271058	-0.0017623002000968697
0.005221105293861957	-0.007302979061886637	-9.976859815615186e-5	0.014914216365688618	0.30414455123857437	-0.03746480898573005	0.026227118950378218	0.0015371409684292049	-0.004213036364209745	-0.001243977680198113	0.0005416496916814908	0.0031254473980947216	0.08212636208110956	-0.0010726788132915256	0.00025262346967779947	-0.0017487910223549065
0.005135114462337951	-0.007257927533750188	-9.561983115140392e-5	0.01466084623708776	0.3011461913945385	-0.03715027476120725	0.026066707619292195	0.0015268436962398552	-0.004100630433051194	-0.001234161330711896	0.0005457814605782387	0.00305855935184081	0.08128853146370202	-0.001062046389989896	0.0002492927199012918	-0.0017330918603001547
0.005045115992886004	-0.007202449272724574	-9.155454800128443e-5	0.014396502459725463	0.2977858135349547	-0.0367876882479838	0.025868865926080304	0.0015144068442766686	-0.003987760594734908	-0.001222705054465354	0.0005486593081953738	0.002990241391475249	0.08035473637968094	-0.0010501360760398163	0.00024571326940978636	-0.0017152069223809697
0.00495115286450618	-0.0071365640199961035	-8.757499153472115e-5	0.014121315181901923	0.2940647957943011	-0.03637718170107381	0.025633648444492625	0.0014998345783124197	-0.003874482651357095	-0.0012096135368460741	0.0005502809369869294	0.0029205303137981153	0.07932536683027523	-0.0010369534831928553	0.00024188699350591642	-0.0016951441268778626
0.0048532730200734515	-0.007060310373740149	-8.368309889783169e-5	0.013835427349839054	0.28998512617173267	-0.03591897157131145	0.025361178443785277	0.0014831349248253156	-0.003760849693127138	-0.0011948943276407571	0.0005506466194392696	0.0028494633105485534	0.07820097289594831	-0.001022506330054473	0.0002378161274060068	-0.0016729151029283825
0.004751529333130302	-0.006973745775032292	-7.988049974319874e-5	0.013538994605361827	0.2855494015209246	-0.03541335841485935	0.025051647858680855	0.0014643197682297525	-0.0036469120555872566	-0.0011785578374922834	0.0005497591999214867	0.0027770779383130264	0.07698226444799514	-0.0010068044375736156	0.00023350326468130455	-0.0016485351843294755
0.004645979566671295	-0.006876946455892312	-7.616851516840875e-5	0.013232185164039952	0.2807608253521202	-0.034860726635487414	0.024705317119980356	0.0014434048403470488	-0.0035327172852569998	-0.0011606173286977607	0.0005476240911240883	0.0027034120896176524	0.07567011054990573	-0.00098985972049606	0.00022895135506193498	-0.0016220233961150381
0.004536686323957288	-0.0067700073495107595	-7.254815740476175e-5	0.012915179673901513	0.27562320444844657	-0.03426154405986506	0.024322514845987526	0.0014204097021261746	-0.003418310113732477	-0.001141088900356299	0.0005442492650896413	0.0026285039652309606	0.07426553854905654	-0.0009716861747896	0.00022416370160564355	-0.001593402433921396
0.004423716991412103	-0.006653041962787705	-6.902013025535159e-5	0.012588171054865652	0.27014094430103447	-0.033616361346460906	0.023903637395202168	0.0013953577176408776	-0.0033037324402497756	-0.00111999146788712	0.0005396452388506872	0.002552392047699026	0.07276973285993536	-0.0009522998610574903	0.00021914395723464903	-0.0015626986361684564
0.004307143673669125	-0.006526182211392673	-6.55848302800034e-5	0.012251364319075914	0.26431904336993023	-0.03292581122899306	0.023449148281032527	0.0013682760204058874	-0.0031890233227011913	-0.0010973467369503594	0.0005338250547018542	0.0024751150761303724	0.07118403344074414	-0.0009317188839648218	0.0002138961206451766	-0.0015299419490991944
0.004187043120850415	-0.006389578217634163	-6.22423487228612e-5	0.011904976372351215	0.25816308618024497	-0.032190607595721926	0.022959577449570723	0.0013391954720711656	-0.003074218977072635	-0.0010731791718147125	0.0005268042551446518	0.0023967120222437364	0.06950993396586462	-0.0009099633677107822	0.00020842453159549562	-0.0014951658847350655
0.004063496648175459	-0.0062433980715056485	-5.899247417672597e-5	0.011549235797005607	0.2516792352654136	-0.031411544406222854	0.022435520421765512	0.001308150613569265	-0.0029593527852500774	-0.0010475159582276998	0.0005186008525549132	0.0023172220676872736	0.0677490796973036	-0.000887055427587914	0.0002027338655795183	-0.0014584074718196772
0.003936590048011149	-0.006087827555352764	-5.583469597656526e-5	0.011184382616321818	0.2448742219718368	-0.030589494447617372	0.021877637301614638	0.0012751796088068177	-0.0028444553111225163	-0.0010203869608558657	0.0005092352936342222	0.0022366845826333093	0.0659032650588605	-0.0008630191376775755	0.0001968291278942348	-0.0014197071998376626
0.0038064134944891907	-0.0059230698326836265	-5.2768208312966906e-5	0.010810668040997853	0.2377553361415725	-0.02972540793258171	0.021286651652284796	0.001240324181007017	-0.0027295543248892227	-0.0009918246753736753	0.0004987304187179161	0.002155139105648526	0.06397443091738313	-0.0008378804947388616	0.000190715647110481	-0.0013791089562102178
0.0036730614408309764	-0.005749345101719823	-4.979191505466492e-5	0.01042835419791831	0.2303304146920716	-0.028820310941783136	0.02066334924234689	0.001203629541825456	-0.002614674835458915	-0.0009618641752910745	0.000487111416023334	0.0020726253248349357	0.06196466157608422	-0.0008116673783560791	0.00018439906795771223	-0.0013366599567829482
0.003536632509534072	-0.005566890214360573	-4.690443526766038e-5	0.010037713841635064	0.2226078291142763	-0.027875303713724292	0.02000857666459182	0.0011651443133770618	-0.002499839130809248	-0.0009305430536207932	0.00047440577093290997	0.001989183060232851	0.05987618148549647	-0.0007844095074176842	0.00017788534363463797	-0.0012924106697357496
0.0033972293755879708	-0.005375958261305678	-4.410410941687806e-5	0.009639030048973714	0.2145964719126518	-0.026891558785296813	0.01932323983016248	0.0011249204433268615	-0.0023850668261557457	-0.0008979013594973028	0.00046064321041741136	0.0019048522474727578	0.057711351678230674	-0.0007561383930071813	0.00017118072755871575	-0.0012464147330581742
0.003254958642900093	-0.005176818124154682	-4.1389006234749235e-5	0.009232595897213137	0.20630574201294305	-0.025870318986661166	0.01860830234100342	0.0010830131132120368	-0.002270374919760562	-0.0008639815298699806	0.00044585564271511414	0.0018196729226588758	0.05547266593428025	-0.0007268872877939464	0.00016429176456862705	-0.0011987288657472092
0.003109930714126092	-0.004969753995369745	-3.87569302396028e-5	0.008818714126316327	0.19774552916561372	-0.024812895294377527	0.017864783743889067	0.0010394806401771083	-0.0021557778561932246	-0.0008288283164034234	0.00043007709239294785	0.0017336852084631667	0.05316274668417895	-0.000696691132019224	0.00015722528159495757	-0.0011494127728975542
0.0029622596541109517	-0.0047550648670577796	-3.6205429885264847e-5	0.008397696785719527	0.1889261973750211	-0.023720664547011383	0.017093757669543116	0.0009943843723180287	-0.0020412875968373943	-0.0007924887077279249	0.0004133436309256118	0.0016469293014044557	0.050784340657865454	-0.0006655864961796097	0.00014998837781536316	-0.0010985290448672401
0.0028120630471598295	-0.0045330639895936635	-3.3731806321847174e-5	0.007969864866215943	0.17985856738643313	-0.022595067027728878	0.01629634986060715	0.0009477885778445767	-0.0019269136974206418	-0.00075501184719296	0.0003956933029383336	0.001559445460283649	0.048340314287642405	-0.0006336115205172196	0.00014258841431154617	-0.001046143050713884
0.0026594618483693593	-0.0043040783011704525	-3.1333122746312524e-5	0.007535547917497798	0.17055389826496864	-0.021437603918678487	0.015473736092453623	0.000899760328283571	-0.0018126633923272442	-0.0007164489462860122	0.0003771660482683242	0.0014712739957421746	0.0458336488741326	-0.0006008058514324107	0.00013503300324636577	-0.0009923228261088954
0.00250458022926138	-0.004068447829423951	-2.900621432006738e-5	0.007095083651946607	0.16102386810243863	-0.02024983463222536	0.01462713999106597	0.000850369375958036	-0.0016985416854377055	-0.0006768531938881779	0.00035780362000899056	0.0013824552609071011	0.04326743552462827	-0.0005672105749412767	0.000127329996580362	-0.0009371389559484602
0.0023475454179723463	-0.0038265250663387027	-2.6747698629557878e-5	0.006648817535288177	0.1512805538899139	-0.019033374024367382	0.013757830752429432	0.0007996880259896976	-0.00158455144722342	-0.0006362796615468388	0.00033764949870966556	0.0012930296430831015	0.0406448698737115	-0.0005328681473063751	0.00011948747434791527	-0.0008806644518913686
0.002188487534261793	-0.0035786743176989006	-2.455398666460372e-5	0.006197102364752198	0.14133641059557997	-0.017789889495909355	0.012867120768085155	0.0007477910030837495	-0.0014706935178096098	-0.0005947852049540366	0.0003167488029119055	0.0012030375564478519	0.03796924659647503	-0.0004978223229749663	0.00011151373251413431	-0.0008229746250642878
0.002027539419613451	-0.003325271028401987	-2.242129428804094e-5	0.005740297835400351	0.13120424948912146	-0.016521097987210704	0.011956363161701134	0.0006947553133659785	-0.001356966815705674	-0.0005524283618272404	0.00029514819621133035	0.0011125194357044302	0.035243953725111216	-0.00046211807996470816	0.0001034172704344195	-0.000764146954185307
0.0018648364627119663	-0.0030667010850039932	-2.034565416912839e-5	0.005278770095308544	0.12089721575545612	-0.015228762872546953	0.011026949241703178	0.0006406601015528384	-0.0012433684518884606	-0.0005092692463967803	0.00027289579104148725	0.0010215157306411738	0.032472466780047775	-0.0004258015428420539	9.520677793944581e-5	-0.0007042609493661673
0.0017005164205871003	-0.002803360096913971	-1.8322928152126206e-5	0.004812891290309831	0.11042876544213304	-0.013914690760337588	0.010080305875188116	0.000585586503744984	-0.001129893848911261	-0.0004653694407113834	0.0002500410493832936	0.0009300669015466093	0.029658342727197716	-0.0003889199034436243	8.689112206906409e-5	-0.0006433980118626684
0.0015347192357256713	-0.002535652657700438	-1.634882003046633e-5	0.0043430390990240346	0.09981264178611307	-0.012580728205693142	0.009117892788510027	0.0005296174961441091	-0.001016536864699325	-0.00042079188297999365	0.00022663468061027926	0.0008382134154243616	0.02680521377325728	-0.0003515213394955497	7.847933347932963e-5	-0.0005816412900512767
0.0013675868494592693	-0.0022639915880148936	-1.4418888696021536e-5	0.0038695962589182773	0.08906285096695188	-0.011228758341919257	0.008141199800086305	0.00047283774000158484	-0.0009032899206815639	-0.0003756007531742997	0.0002027285366860184	0.0007459957429504643	0.023916781011323905	-0.00031365493129015335	6.998059254752467e-5	-0.0005190755319178687
0.001199263011942945	-0.0019887971616766253	-1.2528561632127569e-5	0.0033929500841592916	0.07819363733461251	-0.009860697437787655	0.007151743991115358	0.000415333423115422	-0.0007901441338977539	-0.0003298613561221937	0.00017837550493587681	0.0006534543561131205	0.020996807929421386	-0.00027537057658340693	6.140421520065063e-5	-0.0004557869343518833
0.0010298930890467806	-0.0017104963164989457	-1.0673148718240015e-5	0.0029134919760341106	0.06721945816124614	-0.008478491387541772	0.0061510668200307605	0.0003571920981994497	-0.0006770894527111988	-0.0002836400023277103	0.0001536293986204467	0.000560629726472927	0.0180491137948082	-0.00023671890388032575	5.2759638493429685e-5	-0.0003918629895458976
0.0008596238664879763	-0.00142952185146917	-8.847856313396736e-6	0.002431616926728943	0.05615495796726672	-0.007084112140745841	0.005140731186635688	0.00029850251845519937	-0.0005641147957480339	-0.00023700388675774507	0.00012854484554277403	0.0004675623239794828	0.01507756692720261	-0.00019775118427879188	4.4056405962349064e-5	-0.0003273923288066592
0.0006886033515367133	-0.0011463116119240762	-7.047801585031749e-6	0.0019477230172693168	0.045014942472959736	-0.005679554079215857	0.004122318451970558	0.0002393544706830225	-0.0004512081936769075	-0.00019002096584022987	0.00010317717492576786	0.0003742926162787375	0.012086077874295907	-0.00015851924204536658	3.530415278274901e-5	-0.00026246456408914525
0.000516980572633575	-0.0008613076643878436	-5.268027049130612e-6	0.0014622109104350113	0.03381435222764015	-0.004266830348381571	0.0030974254200601707	0.0001798386062741483	-0.0003383569334359217	-0.00014275983292216769	7.758230279988924e-5	0.00028086106844382865	0.009078592503127338	-0.0001190753640992617	2.6512590756343247e-5	-0.00019717012756994044
0.00034490537726033257	-0.0005749554627615225	-3.503515287236186e-6	0.0009754833394726884	0.022568235969056015	-0.0028479691505255114	0.002067661287768417	0.00012004627042991023	-0.0002255477045078359	-9.528959243920109e-5	5.1816616144455044e-5	0.00018730814306080836	0.006059085021071379	-7.947220858292673e-5	1.7691493156904396e-5	-0.00013160010958036174
0.00017252822840943066	-0.0002877030075716378	-1.7492038054188509e-6	0.0004879445934374192	0.011291723766308197	-0.001425010007426694	0.0010346445690572166	6.006932995817855e-5	-0.00011276674683982559	-4.767973305113869e-5	2.5936856028589753e-5	9.367430059966114e-5	0.0030315509403377686	-3.976271269964268e-5	8.850679462139423e-6	-6.584609522324408e-5
