3.825550634821896e-6	1.9305929897820023e-5	2.8247486444469892e-5	2.7459490405344255e-6	0.0028268295477460134	7.4035478312614705e-6	1.1915814890841497e-5	2.3182365220929185e-6	-9.855773874770786e-5	-5.2770102297169645e-6	-4.0639455544369437e-7	3.140952439534214e-5	0.0006903143472721874	-2.146479157085758e-6	3.8540080267756717e-7	1.132696303191264e-5
7.72615390457105e-6	3.85644448992432e-5	5.640857843483705e-5	5.486335911218141e-6	0.005646044981721649	1.4785729808378256e-5	2.379174634482721e-5	4.629090638793842e-6	-0.00019691345160920143	-1.0537378774730972e-5	-8.109851973803895e-7	6.276821471931841e-5	0.0013788694115251202	-4.286152368111593e-6	7.697111731819101e-7	2.2619733303622697e-5
1.1776800378775216e-5	5.772827966521957e-5	8.439710735549975e-5	8.215638019425912e-6	0.00845005312311761	2.2125228936483763e-5	3.558799664606415e-5	6.925200528172021e-6	-0.000294865434013535	-1.576450246419495e-5	-1.211973910473077e-6	9.402530895739991e-5	0.0020639108421476354	-6.412231275119213e-6	1.1518432364482747e-6	3.3844208798596295e-5
1.6052356486976157e-5	7.675046758845978e-5	0.00011212735573334216	1.0928411806466375e-5	0.011231302612235016	2.9400825830768895e-5	4.726493933780406e-5	9.199245485198793e-6	-0.0003922126234604615	-2.0941855069156266e-5	-1.6075744606160193e-6	0.00012513018909446525	0.002743694141259134	-8.517962654980908e-6	1.530714225870326e-6	4.4966468771352616e-5
2.0627502425940957e-5	9.558448920287187e-5	0.00013951428147388902	1.361933196355443e-5	0.013982304691126626	3.6591447250500594e-5	5.8783204395454395e-5	1.1443966355261506e-5	-0.0004887549191572268	-2.6053025559148235e-5	-1.996018247813836e-6	0.00015603245282903185	0.003416489559888391	-1.0596645883475895e-5	1.9052490231456893e-6	5.5952863842767286e-5
2.5576670040004932e-5	0.00011418441944778148	0.0001664737404987558	1.628323028742851e-5	0.016695653834268215	4.367621430850007e-5	7.010376285282521e-5	1.3652185818074585e-5	-0.000584293499980153	-3.108175610208673e-5	-2.3755601138757717e-6	0.00018668198494550928	0.0040805869580066555	-1.2641650275622562e-5	2.2743826808969834e-6	6.677010544848866e-5
3.097398066639509e-5	0.00013250507340936755	0.00019292270725713228	1.8915134056886954e-5	0.01936404817714524	5.0634490249013026e-5	8.118801070119478e-5	1.581682847265369e-5	-0.0006786311402076096	-3.601197972278819e-5	-2.7444840900281493e-6	0.00021702902823143318	0.004734300616495847	-1.4646432261453797e-5	2.637062922386268e-6	7.738535442712633e-5
3.689318293807671e-5	0.0001505021501653213	0.00021877949258887111	2.151030381270965e-5	0.021980309693104588	5.744592768785904e-5	9.19978518823529e-5	1.79309406744762e-5	-0.0007715725224753083	-4.082785753618123e-5	-3.1011090696887505e-6	0.00024702425382747546	0.005375973989243604	-1.6604552356795924e-5	2.9922526126918334e-6	8.776630853683353e-5
4.340759053751371e-5	0.00016813237436317998	0.00024396395842276455	2.4064270424913005e-5	0.0245374040693986	6.409051520993388e-5	0.00010249578019874219	1.998771007651974e-5	-0.0008629245474102242	-4.5513815472224004e-5	-3.4437943918221205e-6	0.0002766188308990511	0.006003984383694833	-1.8509691889075633e-5	3.3389321957796527e-6	9.788128869134426e-5
5.059001989576926e-5	0.0001853536351680954	0.0002683977288007663	2.657287133305877e-5	0.0270284602340381	7.054862322055389e-5	0.00011264495996615357	2.198048482654944e-5	-0.0009524966394058105	-5.005458041066041e-5	-3.7709453205042343e-6	0.00030576449551955544	0.0066167475583540246	-2.03556694387332e-5	3.6761020919774077e-6	0.00010769932370943762
5.851272783253986e-5	0.0002021251222219699	0.0002920043967272688	2.9032285847393396e-5	0.029446789485873415	7.680104894878193e-5	0.0001224093052371599	2.3902792373814497e-5	-0.0010401010480086826	-5.4435215645055174e-5	-4.081018406568023e-6	0.0003344136186567118	0.007212722225924226	-2.213645695746514e-5	4.002785050447177e-6	0.0001171902333751922
6.724734913408109e-5	0.00021840745826289578	0.00031470972635201145	3.143906940093254e-5	0.03178590418123218	8.282906050274141e-5	0.00013175355742655454	2.5748357839210057e-5	-0.0011255531443953451	-5.864115559702674e-5	-4.3725267174776515e-6	0.0003625192731551064	0.007790414450985761	-2.3846195525249927e-5	4.318028451352594e-6	0.00012632470961023375
7.686483406745702e-5	0.00023416282806166695	0.0003364418500057958	3.379018664521526e-5	0.0340395359314607	8.861443987901958e-5	0.00014064336117352235	2.751112190396332e-5	-0.0012086717124270418	-6.265823970325546e-5	-4.64404492188809e-6	0.0003900352996098152	0.008348381931360902	-2.5479210708929106e-5	4.620906552528152e-6	0.00013507439556348277
8.743538583121632e-5	0.00024935510334077874	0.0003571314596198763	3.6083043285335047e-5	0.03620165326683949	9.413952483056888e-5	0.00014904533827908356	2.9185258173008402e-5	-0.0012892792337812536	-6.647274539967259e-5	-4.894214215687439e-6	0.0004169163710280261	0.008885238152579019	-2.7030027486018267e-5	4.910522675581641e-6	0.00014341196242865205
9.902839794437322e-5	0.00026394996335074925	0.0003767119920726372	3.8315516552995935e-5	0.038266478723567074	9.938724950003186e-5	0.00015692715956150738	3.076518997042002e-5	-0.0013672021666697417	-7.007142012922819e-5	-5.121747076690859e-6	0.00044311805617773265	0.009399656405148917	-2.849338469840653e-5	5.186011326495044e-6	0.00015131118380491698
0.00011171239157751445	0.0002779150107888007	0.0003951198080209749	4.04859842197381e-5	0.04022850531183339	0.00010434118372814244	0.0001642576144769005	3.224560652558179e-5	-0.001442271217665431	-7.344151230179685e-5	-5.325431835557132e-6	0.0004685968815249613	0.0098903736546619	-2.9864249001668694e-5	5.446540245935008e-6	0.00015874700742178334
0.00012555495283191057	0.0002912198827558701	0.0004122943637885929	4.2593352056124356e-5	0.042082512324423865	0.0001089855709497772	0.00017100667835700107	3.3621478510163854e-5	-0.0015143216061736314	-7.657080113709225e-5	-5.5041370509300234e-6	0.0004933103916635135	0.010356194255088234	-3.113782827685635e-5	5.691312384639858e-6	0.00016569562405518046
0.0001406226699747075	0.00030383635645958037	0.000428178375899207	4.463707964655861e-5	0.043823580446812796	0.00011330536459334988	0.00017714557712136396	3.488807288747732e-5	-0.001583193321097288	-7.944762532393292e-5	-5.656815677266238e-6	0.000517217208143936	0.010795993495991802	-3.230958447285272e-5	5.919567799416871e-6	0.00017213453346821307
0.00015698107064057856	0.00031573844938315014	0.0004427179778593614	4.6617204473520334e-5	0.04544710613130813	0.00011728626290254225	0.00018264684932657864	3.604096703735326e-5	-0.0016487313692609062	-8.2060910431815e-5	-5.782509014298645e-6	0.0005402770866112912	0.011208720974770891	-3.337524584866609e-5	6.130585465459682e-6	0.00017804260721678594
0.0001746945590126577	0.00032690251365323443	0.000455862868813184	4.853436418933196e-5	0.04694881519950359	0.00012091474210284806	0.00018748440542091735	3.707606212136022e-5	-0.001710786015173638	-8.440019501350601e-5	-5.880350427596513e-6	0.0005624509721643485	0.011593403785437115	-3.4330818586397056e-5	6.323685000881747e-6	0.00018340014816746572
0.0001938263529980722	0.00033730732435334005	0.0004675664537098914	5.0389816998116215e-5	0.048324775639068396	0.00012417808783905994	0.00019163358407885245	3.7989595654922066e-5	-0.001769213011728643	-8.645565534026712e-5	-5.949568830222672e-6	0.0005837010528520038	0.01194914951586843	-3.517259774704212e-5	6.498228299556899e-6	0.00018818894658244662
0.0002144384214160603	0.0003469341615437066	0.0004777859746441496	5.218546007534287e-5	0.04957140956275826	0.00012706442481364276	0.00019507120549618593	3.877815325472242e-5	-0.001823873821453176	-8.821812871433176e-5	-5.989491916049445e-6	0.0006039908112260647	0.012275149045914443	-3.589717754278565e-5	6.653621068561658e-6	0.0001923923326343148
0.00023659142121933068	0.0003557668857633769	0.0004864826330494921	5.392384595729255e-5	0.050685504299460726	0.00012956274455991118	0.00019777562153310682	3.94386795316814e-5	-0.0018746358279419894	-8.967913530641522e-5	-5.999549135879674e-6	0.0006232850738730309	0.012570679139192955	-3.650146090098382e-5	6.789314266726166e-6	0.00019599522522146094
0.000260344634772153	0.0003637920068055389	0.0004936217024458024	5.560819683787419e-5	0.05166422258908577	0.0001316629312880427	0.0001997267625992948	3.996848810175783e-5	-0.0019213725371253747	-9.083089846928787e-5	-5.979274408124988e-6	0.0006415500588510903	0.01283510482189363	-3.6982668296650664e-5	6.904805441020284e-6	0.0001989841769634325
0.0002857559072114995	0.00037099874557308514	0.0004991726314633798	5.7242416715499515e-5	0.05250511185517758	0.000133355785746213	0.00020090618118222983	4.036527068886262e-5	-0.001963963768042634	-9.166636348181474e-5	-5.928308556418881e-6	0.0006587534209623105	0.013067881542397559	-3.733834583191676e-5	6.999639957728594e-6	0.0002013474152642455
0.00031288158392051924	0.00037737908883768076	0.0005031091368882501	5.883110133814864e-5	0.053206112531249655	0.00013463304704352188	0.00020129709192711197	4.062710529626255e-5	-0.0020022958328117842	-9.217921468133315e-5	-5.846401467186383e-6	0.0006748642947938478	0.013268557106029179	-3.75663725426417e-5	7.073412125601938e-6	0.00020307487934066002
0.00034177644814655303	0.0003829278367423803	0.0005054092864961123	6.037954590031715e-5	0.053765565419026475	0.0001354874123858757	0.0002008844081842446	4.075246342500169e-5	-0.002036261705506902	-9.236389094580297e-5	-5.7334139608529205e-6	0.0006898533354659681	0.013436773379777507	-3.766496691411541e-5	7.125766208413287e-6	0.00020415825312164538
0.000372493658798994	0.0003876426429050073	0.0005060555714655972	6.189375045123525e-5	0.054182218059010474	0.00013591255468060112	0.00019965477494735548	4.0740216320067456e-5	-0.0020657611796756365	-9.22155994908125e-5	-5.589319371051697e-6	0.0007036927570287512	0.013572267762357376	-3.763269258958225e-5	7.1563973245917345e-6	0.00020459099393470778
0.0004050846884652663	0.00039152404699701086	0.0005050349681852634	6.33804229795488e-5	0.05445523009607196	0.0001359031379702692	0.00019759659811412314	4.05896402272733e-5	-0.0020907010142510304	-9.173032795024941e-5	-5.414204826879133e-6	0.0007163563684535109	0.013674874415525234	-3.746846325715531e-5	7.165052231859531e-6	0.0002043683569043899
0.0004395992616863255	0.0003945754996903373	0.0005023389892929571	6.484698014555887e-5	0.05458417762508184	0.00013545483066100173	0.00019470007000810938	4.030042064611523e-5	-0.00211099506763383	-9.090485471323992e-5	-5.208272233950772e-6	0.0007278196071692279	0.013744525253118358	-3.7171546702556964e-5	7.1515299950528605e-6	0.00020348741499806719
0.0004760852935361684	0.0003968033798829658	0.000497963723810741	6.630154563811401e-5	0.05456905650396555	0.00013456431651540082	0.0001909571911093628	3.9872655566182394e-5	-0.0021265644197438786	-8.973675749381698e-5	-4.97183895072391e-6	0.0007380595700986189	0.013781250684849273	-3.674156801702043e-5	7.115682535566999e-6	0.00020194707466414036
0.000514588828552883	0.00039821700413207085	0.0004919098662634922	6.77529461393076e-5	0.05441028462394453	0.0001332293033851796	0.00018636178794913943	3.930685767705217e-5	-0.002137337481861996	-8.822442011368536e-5	-4.705338157275582e-6	0.00074705504215288	0.013785180112456904	-3.6178511951608735e-5	7.05741506112988e-6	0.00019974808701781954
0.0005551539800719093	0.00039882862824230995	0.0004841827346944474	6.921070488626224e-5	0.05410870312914664	0.00013144852966356167	0.0001809095271324514	3.860395554397871e-5	-0.0021432500941067937	-8.63670374824043e-5	-4.409318914455283e-6	0.000754786522148605	0.01375654217639259	-3.548272441115265e-5	6.976686374874395e-6	0.00019689305453990944
0.0005978228700151877	0.0003986534409753947	0.0004747922775163524	7.068503282544774e-5	0.05366557658020106	0.00012922176844255373	0.0001745979254605066	3.776529374407972e-5	-0.002144245610414227	-8.416461876329522e-5	-4.084445912067612e-6	0.0007612362461149047	0.01369566475179964	-3.465491308296886e-5	6.8735090629485104e-6	0.00019338643326430077
0.0006426355691929378	0.00039770954986588725	0.00046375306916241594	7.218681736117838e-5	0.05308259205888241	0.00012654982936526364	0.0001674263561335042	3.679263196013814e-5	-0.002140274970911206	-8.161798871739598e-5	-3.7314989054807364e-6	0.0007663882079633182	0.013602974693129797	-3.369614719749264e-5	6.7479495601726164e-6	0.0001892345304402327
0.000689630038177776	0.0003960179591470006	0.00045108429452691477	7.372760870615069e-5	0.052361857213327354	0.00012343455816852741	0.00015939605102269406	3.5688143031555635e-5	-0.002131296761598275	-7.87287872218129e-5	-3.351371840799255e-6	0.0007702281774977095	0.01347899732732639	-3.260785641993975e-5	6.600128093525184e-6	0.00018444549766579173
0.0007388420688138073	0.00039360253980903694	0.0004368097222109673	7.531960384808846e-5	0.051505897245808084	0.00011987883391621132	0.00015051009900907768	3.445440996441788e-5	-0.0021172772612801914	-7.549946696286318e-5	-2.945071669483742e-6	0.0007727437157459766	0.013324355696091158	-3.1391828874096005e-5	6.430218503509891e-6	0.00017902931949952673
0.0007903052264262594	0.0003904899918319485	0.0004209576666146767	7.697562815277428e-5	0.050517650847507894	0.0001158865639286545	0.00014077344039458914	3.3094421905054565e-5	-0.0020981904757070625	-7.193328930843663e-5	-2.5137168540424246e-6	0.0007739241876000391	0.013139769548338944	-3.0050208301315634e-5	6.238447943729433e-6	0.0001729977975674725
0.0008440507927999195	0.0003867097986522609	0.0004035609389424252	7.870911462990458e-5	0.04940046508719533	0.00011146267641881039	0.00013019285740005417	3.1611569083890464e-5	-0.0020740181589125996	-6.803431836803848e-5	-2.0585355671602453e-6	0.0007737607717552369	0.012926054084528986	-2.858549035978711e-5	6.025096459262737e-6	0.00016636453019325045
0.0009001077099974695	0.0003822941739432822	0.0003846567872135781	8.053408089434427e-5	0.04815808926313389	0.00010661311085070953	0.00011877696077263702	3.0009636738786273e-5	-0.002044749821759861	-6.380741325298413e-5	-1.5808635873670873e-6	0.0007722464679449187	0.012684118455143757	-2.700051807109188e-5	5.790496444712359e-6	0.00015914488758924365
0.0009585025250913483	0.0003772780008060152	0.00036428682539612505	8.246510386142038e-5	0.04679466772998405	0.00010134480604090169	0.00010653617253385432	2.8292798029450772e-5	-0.0020103827277286293	-5.9258218553202785e-5	-1.0821418950766919e-6	0.0007693761014706543	0.01241496401616348	-2.5298476423034938e-5	5.53503198305726e-6	0.00015135598265709064
0.0010192593358853423	0.00037169876348652997	0.00034249695180582894	8.451729222089867e-5	0.0453147317148519	9.566568602852214e-5	9.348270490752818e-5	2.6465605956866252e-5	-0.0019709218760021706	-5.4393153051055566e-5	-5.639139735506228e-7	0.0007651463250331285	0.012119682344956084	-2.3482886139660195e-5	5.259138066711982e-6	0.00014301663745589483
0.0010823997377044751	0.00036559647175362243	0.0003193372569381772	8.670625674019392e-5	0.04372319013900561	8.958464374455872e-5	7.963053547525562e-5	2.4532984303999122e-5	-0.0019263799719345662	-4.921939669647721e-5	-2.7822820054504422e-8	0.0007595556178733813	0.011799453020566857	-2.1557596631274537e-5	4.963299702456066e-6	0.00013414734540657058
0.0011479427713340735	0.0003590135780884085	0.00029486192092482224	8.904807845318486e-5	0.042025319464114363	8.311152251576351e-5	6.499537861507485e-5	2.2500217616365237e-5	-0.0018767773850030323	-4.3744875871603435e-5	5.243923268232771e-7	0.0007526042822386181	0.011455541172948351	-1.952677813918921e-5	4.648050902156872e-6	0.0001247702293106339
0.0012159048721910274	0.00035199488785498425	0.00026912910083015386	9.155927479669664e-5	0.04022675258415602	7.625709544343785e-5	4.959465328697867e-5	2.0372940243275935e-5	-0.0018221420943725635	-3.7978246976833896e-5	1.0908995370308398e-6	0.0007442944371913462	0.011089294806217492	-1.7394913091738673e-5	4.31397356146388e-6	0.00011490899527145666
0.0012862998208122442	0.00034458746263842414	0.0002422008080271589	9.425676376228844e-5	0.038333466786388055	6.903304270202055e-5	3.344744723676407e-5	1.8157124462803432e-5	-0.001762509622222871	-3.19288783740013e-5	1.6697780087544293e-6	0.0007346300097850533	0.01070214190156257	-1.5166786689954054e-5	3.961696228902923e-6	0.00010458888261553209
0.0013591386947471834	0.000336840516953126	0.00021414277591471462	9.715782613641613e-5	0.03635177080697335	6.145192680701069e-5	1.6574477697379873e-5	1.5859067715668425e-5	-0.0016979229550098446	-2.5606830725959988e-5	2.2590221499663605e-6	0.0007236167236340581	0.010295587305946688	-1.2847476743045939e-5	3.591892768043796e-6	9.383660992061614e-5
0.0014344298219430398	0.000328805308540815	0.0001850243182608695	0.00010028006590731488	0.034288291008993874	5.35271659062454e-5	-1.001951325567876e-6	1.348537897535996e-5	-0.0016284324528555902	-1.9022835775459086e-5	2.8565459131805566e-6	0.0007112620849094983	0.009871209413264229	-1.0442342775582989e-5	3.2052809156537086e-6	8.268031726669011e-5
0.0015121787357126198	0.00032053502249334724	0.0001549181784784861	0.00010364136892205562	0.03214995671266796	4.52730051529324e-5	-1.9257995090175924e-5	1.1042964283848876e-5	-0.0015540957472825357	-1.218827360963265e-5	3.460187374152078e-6	0.0006975753657976803	0.009430656645103267	-7.957014429940394e-6	2.8026207389819917e-6	7.114950483452811e-5
0.0015923881313763936	0.00031208464945077665	0.00012390037016072824	0.00010725985988216562	0.029943984709602127	3.6704486223074694e-5	-3.816831737540565e-5	8.53901148423991e-6	-0.0014749776275279351	-5.1151484597912805e-6	4.067713544653054e-6	0.0006825675854611918	0.008975643738746939	-5.39737918922393e-6	2.3847129955470677e-6	5.927496798520598e-5
0.0016750578246712531	0.0003035108581399276	9.205000922432019e-5	0.00011115385777094222	0.02767786299485839	2.783741504404165e-5	-5.770614285108814e-5	5.9809741836270975e-6	-0.001391149915695539	2.1839369105416706e-6	4.676825408874002e-6	0.0006662514885472564	0.008507947850510922	-2.769569447456908e-6	1.9523973990154627e-6	4.7088728962165926e-5
0.001760184712019568	0.00029487186253291135	5.94491380281393e-5	0.00011534182981012614	0.025359333752488965	1.868832780499508e-5	-7.784331244618455e-5	3.376554981259913e-6	-0.0013026913310209328	9.695808173277554e-6	5.285163172439705e-6	0.0006486415212917908	0.008029404482959933	-7.994895533585224e-8	1.5065507949730072e-6	3.462396536540554e-5
0.0018477627327528343	0.00028622728391860603	2.6182541853560157e-5	0.00011984234404793288	0.02299637563198756	9.27445532368687e-6	-9.855034159432432e-5	7.336879988956616e-7	-0.0012096873435462226	1.740674770000938e-5	5.890311712492704e-6	0.0006297538052714893	0.007541903244973724	2.6649013286806327e-6	1.0480852505906168e-6	2.1914935554990266e-5
0.0019377828333848033	0.00027763800819307466	-7.66244184902315e-6	0.00012467402068453407	0.02059718535481869	-3.8631415220990805e-7	-0.00011979648122951109	-1.9394792480986733e-6	-0.0011122300175183297	2.5302524060889322e-5	6.48980621678657e-6	0.0006096061088600279	0.00704738345404063	5.458197950791401e-6	5.779460623807056e-7	8.996901148380807e-6
0.0020302329340293056	0.0002691660386871529	-4.199612102596968e-5	0.00012985548224495925	0.01817015869181423	-1.0275473627609186e-5	-0.0001415497813990555	-4.634604598731628e-6	-0.0010104178448429003	3.336842269342791e-5	7.081137999247103e-6	0.000588217816448095	0.006547829590543848	8.292970205299319e-6	9.710968642424206e-8	-4.093953217015256e-6
0.002125097897058135	0.00026087434486100864	-7.672665296074667e-5	0.00013540530271300308	0.015723870853762506	-2.0373937441437417e-5	-0.0001637771573552338	-7.343170571781596e-6	-0.0009043555689430259	4.158927767389899e-5	7.661760479003217e-6	0.0005656098954904731	0.006045266614170916	1.1162075875349846e-5	-3.934184043768063e-7	-1.7320602678108286e-5
0.002222359498094248	0.0002528267072063178	-0.00011176025413592648	0.00014134195574310484	0.013267056338960326	-3.066208265895107e-5	-0.00018644445798192343	-1.0056504225501286e-5	-0.0007941539993882818	4.994950452158092e-5	8.22909530946106e-6	0.0005418048614467553	0.005541755152920277	1.40582174360479e-5	-8.926059313022857e-7	-3.0645267313092725e-5
0.0023219963994352117	0.00024508755870677974	-0.00014700141554967823	0.0001476837620702716	0.010808588282844284	-4.111979168401029e-5	-0.00020951653640753615	-1.2765797507207163e-5	-0.000679929817675183	5.84331339637631e-5	8.780538643597425e-6	0.0005168267406855089	0.005039386575498607	1.6973958683938345e-5	-1.3993960841985006e-6	-4.4029499491254105e-5
0.002423984126001306	0.00023772182321698965	-0.00018235312300642366	0.00015444883624096234	0.008357457356064465	-5.172649599766329e-5	-0.00023295732265096378	-1.5462128047102064e-5	-0.0005618053745548914	6.702384658730487e-5	9.313467521280948e-6	0.0004907010314247749	0.004540277958198465	1.9901741755813697e-5	-1.912709854227791e-6	-5.743427321043011e-5
0.002528295043901848	0.00023079475112821113	-0.00021771708188917912	0.00016165503279041345	0.005922750258510022	-6.246122092688727e-5	-0.00025672989814297105	-1.813648034954993e-5	-0.0004399084793179466	7.570500830055013e-5	9.825246364093664e-6	0.000463454662784721	0.00404656695761783	2.2833904498871065e-5	-2.4314484198335585e-6	-7.082007522203351e-5
0.0026348983417123295	0.000224371752697244	-0.00025299394591010244	0.00016931989199417546	0.0035136278578323634	-7.33026313450427e-5	-0.00028079657196155433	-2.0779767334001998e-5	-0.00031437218145880473	8.445970652759428e-5	1.0313233562822395e-5	0.00043511595203103097	0.003560406600828669	2.5762698153386284e-5	-2.9544955806504784e-6	-8.414699773910451e-5
0.002743760014553661	0.0002185182294214489	-0.00028808354932582096	0.0001774605853236146	0.001139303021945007	-8.422907820351809e-5	-0.00030511895861620064	-2.338285217685455e-5	-0.0001853345451551329	9.327078705525451e-5	1.0774788142518924e-5	0.00040571456009022176	0.0030839600048225943	2.868030530830141e-5	-3.480720233979901e-6	-9.737483251884825e-5
0.002854842851063319	0.00021329940384895226	-0.0003228851420953557	0.00018609386073684437	-0.001190981804201725	-9.52186457921888e-5	-0.00032965805721278256	-2.593657040471238e-5	-5.293841700802414e-5	0.0001021208914516338	1.1207276489791777e-5	0.0003752814454205137	0.0026193950372553313	3.157885808944087e-5	-4.0089788883531295e-6	-0.00011046316610758782
0.0029681064233464194	0.00020878014821818736	-0.00035729762745081653	0.0001952359879379428	-0.0034679772265620106	-0.00010624919962468055	-0.00035437433182796085	-2.843175218883167e-5	8.266881250039651e-5	0.00011099249497387781	1.160807912678944e-5	0.00034384881632415476	0.002168878930679464	3.445045653947701e-5	-4.538118208619457e-6	-0.00012337147603298665
0.0030835070799927534	0.00020502481232513906	-0.00039121980134461317	0.0002049027037384131	-0.005682449683048832	-0.00011729843484302774	-0.0003792277929195136	-3.085924478993201e-5	0.00022133545336616215	0.00011986794488162089	1.1974597516168574e-5	0.00031145008178918947	0.001734572862594539	3.728718714826445e-5	-5.0669775869227735e-6	-0.00013605922772581315
0.0032009979422435836	0.00020209705101999803	-0.00042455059323167276	0.00021510915765563492	-0.007825204325617811	-0.00012834392503514926	-0.00040417807959690816	-3.320993510209392e-5	0.0003629057657652973	0.00012872949907169693	1.2304260881207878e-5	0.0002781198009505744	0.0013186265137563494	4.008114149175243e-5	-5.594391733869782e-6	-0.00014848597195141932
0.0033205289033894697	0.00020005965173735854	-0.0004571893076411023	0.00022586985788352975	-0.009887107950932965	-0.00013936317135762475	-0.00042918454257472483	-3.547477224409986e-5	0.0005072202146166944	0.00013755936494895183	1.2594533025132516e-5	0.00024389363126229313	0.0009231726172718709	4.282443493736598e-5	-6.119193284144385e-6	-0.00016061144252948456
0.0034420466314777336	0.00019897436246561596	-0.0004890358659888987	0.00023719861777084583	-0.011859111926919703	-0.00015033365185555993	-0.00045420632763022625	-3.764479014633391e-5	0.0006541157285181465	0.00014633973844744888	1.284291913365278e-5	0.00020880827547365156	0.0005503215110630877	4.550922537352309e-5	-6.640215410787495e-6	-0.0001723956541194623
0.0035654945754050884	0.00019890172056179765	-0.0005199910480817203	0.0002491085029423014	-0.013732275062384334	-0.00016123287087086913	-0.0004792024593854273	-3.971113008123082e-5	0.000803425962562155	0.0001550528431159994	1.3046972544697422e-5	0.00017290142750432555	0.0002021557063107652	4.812773192082676e-5	-7.156294442338599e-6	-0.00018379899984854575
0.0036908129744678336	0.0001999008828177705	-0.0005499567327613146	0.0002616117791973893	-0.015497786366865692	-0.00017203840843007742	-0.00050413192523348	-4.166506308525227e-5	0.0009549815645338199	0.00016368096918177726	1.3204301469332834e-5	0.0001362117173139028	-0.00011927551550985004	5.067225358243309e-5	-7.666272477025332e-6	-0.00019478234855883572
0.0038179388714385367	0.00020202945718251618	-0.0005788361371400724	0.00027471986132086715	-0.017146987647995316	-0.00018272796950277053	-0.0005289537592290519	-4.349801222047687e-5	0.0011086104439898084	0.00017220651250580122	1.3312575647907831e-5	9.877865486264154e-5	-0.00041196146441828087	5.313518779115876e-5	-8.168999988190366e-6	-0.00020530714145077788
0.003946806129234381	0.00020534333654299194	-0.0006065340538802359	0.00028844326293786266	-0.018671395893869337	-0.00019327943302207285	-0.0005536271257626032	-4.52015746241145e-5	0.0012641380437149546	0.00018061201334427506	1.3369532925548624e-5	6.06425732609981e-5	-0.0006739353500165227	5.55090488110443e-5	-8.663338415160398e-6	-0.00021533548790080573
0.0040773454512385374	0.00020989653496305118	-0.0006329570859725922	0.00030279154754514546	-0.020062725388279218	-0.00020367090055903737	-0.0005781114028391271	-4.67675432945935e-5	0.0014213876130518895	0.00018888019483017868	1.3372985731248034e-5	2.1844571206052082e-5	-0.0009032795234332083	5.778648595133885e-5	-9.148162733790782e-6	-0.0002248302602324978
0.004209484405331698	0.00021574102677589317	-0.0006580138784749841	0.00031777328084840425	-0.02131290950711101	-0.0002138807445435606	-0.0006023662647829255	-4.8187928563325546e-5	0.0015801804825986909	0.00019699400109008747	1.3320827444949948e-5	-1.757354519658765e-5	-0.001098130640795274	5.996030155121401e-5	-9.62236400096024e-6	-0.00023375518722241982
0.0043431474516865375	0.00022292658892061787	-0.0006816153466767191	0.0003333959845333454	-0.022414122144803372	-0.00022388765592541374	-0.0006263517641914215	-4.9454979201824284e-5	0.001740336339770332	0.00020493663491197702	1.3211038637222024e-5	-5.756932112659646e-5	-0.0012566847360393517	6.20234686939516e-5	-1.0084851867344369e-5	-0.000242074946124188
0.004478255974373394	0.00023150064690771732	-0.0007036749001618477	0.0003496660915961443	-0.02335879872044575	-0.0002336706911701844	-0.0006500284129628083	-5.056120311453456e-5	0.001901673504721504	0.00021269159488072895	1.3041693166335888e-5	-9.809971215963294e-5	-0.001377202191042693	6.3969148609877e-5	-1.0534557052862808e-5	-0.00024975525299711994
0.004614728316820516	0.00024150812479161482	-0.0007241086622524119	0.00036658890335612975	-0.024139656713910586	-0.00024320931848636248	-0.0006733572622245094	-5.1499387568529044e-5	0.002064009206131037	0.0002202427118991996	1.2810964117837304e-5	-0.00013912114369620646	-0.0014580125912500282	6.579070772793065e-5	-1.0970433779273989e-5	-0.00025676295112917803
0.004752479821167405	0.0002529912995208991	-0.0007428356843220186	0.0003841685482707175	-0.024749715683329586	-0.000252483463181472	-0.0006962999809919928	-5.2262618912131515e-5	0.00222715985635203	0.00022757418501404038	1.251712957198335e-5	-0.00018058957061036838	-0.001497519455194254	6.748173433647848e-5	-1.139146215448238e-5	-0.00026306609734769285
0.004891422871544453	0.00026598966002844857	-0.0007597781544805211	0.0004024079426693741	-0.025182316716259895	-0.00026147355204704173	-0.0007188189333904018	-5.284430173554541e-5	0.0023909413254364345	0.00023467061646696127	1.2158578184754961e-5	-0.0002224605370203624	-0.0014942048265586742	6.903605481476157e-5	-1.17966505032263e-5	-0.00026863404601563137
0.0050314669413067895	0.0002805397714144717	-0.0007748616001421214	0.000421308753519949	-0.025431141268021092	-0.0002701605566743194	-0.0007408772542747557	-5.323817742768471e-5	0.002555169213548587	0.0002415170458938093	1.1733814568514787e-5	-0.0002646892360840922	-0.001446633717702489	7.044774939726856e-5	-1.2185037638929267e-5	-0.0002734375305158817
0.005172518644244709	0.0002966751445654245	-0.0007880150840018506	0.00044087136333694437	-0.025490229341931677	-0.0002785260356049641	-0.0007624389230881217	-5.343834208463205e-5	0.0027196591212888736	0.00024809898359568345	1.124146445877567e-5	-0.00030723056972314206	-0.0013534583938715188	7.171116743428446e-5	-1.255569507162432e-5	-0.00027744874203119806
0.005314481789787282	0.000314426111540927	-0.0007991713929591167	0.00046109483733727813	-0.025353996967522358	-0.0002865521752234951	-0.0007834688358011616	-5.343926372647765e-5	0.002884226917456294	0.0002544024428083289	1.0680279653971913e-5	-0.0003500392081801435	-0.001213422487641235	7.28209421129232e-5	-1.2907729146998747e-5	-0.0002806414054330576
0.005457257442209944	0.00033381970704921297	-0.0008082672195417317	0.000481976892944817	-0.025017252934250306	-0.00029422182930101306	-0.0008039328747807712	-5.323579878071652e-5	0.003048689003787185	0.000260413970898227	1.0049142715581348e-5	-0.0003930696493155089	-0.001025364933487112	7.377200460408187e-5	-1.3240283111755033e-5	-0.00028299085209869114
0.005600743983850785	0.00035487955631926865	-0.0008152433353996332	0.0005035138717404377	-0.024475214739786345	-0.000301518557102664	-0.0008237979764402159	-5.282320779190635e-5	0.0032128625762168697	0.0002661206794161448	9.347071416433479e-6	-0.00043627627755097627	-0.0007882237127497721	7.455959760196787e-5	-1.355253910064364e-5	-0.0002844740894820001
0.005744837182334119	0.00037762576966473497	-0.0008200447564542535	0.000525700713949586	-0.02372352371358735	-0.0003084266599744478	-0.0008430321965281292	-5.219717031890273e-5	0.0033765658822211566	0.00027151027294139185	8.573222925553894e-6	-0.0004796134223689499	-0.0005010393996567345	7.517928822413589e-5	-1.3843720040692785e-5	-0.0002850698672709016
0.005889430261793646	0.00040207484402089255	-0.0008226208993071625	0.0005485309355543244	-0.02275825927819435	-0.0003149312163283009	-0.0008616047729190405	-5.135379898269059e-5	0.003539618473805899	0.0002765710766526761	7.72689771843659e-6	-0.0005230354162783918	-0.0001629584994778901	7.562698024133026e-5	-1.4113091468340032e-5	-0.0002847587399708514
0.00603441397808107	0.0004282395717215747	-0.0008229257285302326	0.0005719966081116236	-0.021575952312517164	-0.00032101811494788607	-0.0008794861857736823	-5.028965262962303e-5	0.003701841455724676	0.00028129206256422907	6.807543202205692e-6	-0.0005664966521598825	0.0002267634296705513	7.589892560785914e-5	-1.435996325535991e-5	-0.00028352312576188787
0.006179676697939558	0.0004561289567677938	-0.0008209178944790125	0.000596088341354226	-0.020173597583264445	-0.0003266740865411963	-0.0008966482149431933	-4.9001748576747234e-5	0.0038630577285174435	0.0002856628743687882	5.814757045720843e-6	-0.0006099516399045298	0.0006687588794033714	7.599173526472107e-5	-1.458369123968e-5	-0.0002813473614844661
0.006325104482114834	0.0004857481388241932	-0.0008165608612912678	0.0006207952686447825	-0.018548665212656315	-0.0003318867334699154	-0.0009130639944974764	-4.7487573907845714e-5	0.004023092225976539	0.0002896738508320667	4.748290205298044e-6	-0.0006533550622635956	0.001163545725579133	7.590238918926382e-5	-1.4783678757384964e-5	-0.00027821775361761225
0.006470581172369933	0.0005170983251631459	-0.0008098230247537389	0.0006461050353481373	-0.01669911115261325	-0.000336644557589476	-0.0009287080642643681	-4.574509579084532e-5	0.00418177214666061	0.0002933160476865143	3.6080496373585516e-6	-0.000696661829828041	0.0017115248018093462	7.562824566677666e-5	-1.4959378072423581e-5	-0.00027412262512152395
0.0066159884823630095	0.0005501767307595963	-0.0008006778197418966	0.000672003790180658	-0.01462338663773332	-0.00034093698613788843	-0.0009435564182729137	-4.3772770789332765e-5	0.00433892717909204	0.00029658125797545065	2.3941006899777737e-6	-0.0007398271350596756	0.002312977718516223	7.516704976108968e-5	-1.5110291700756544e-5	-0.00026905235802559846
0.006761206092340713	0.0005849765267224064	-0.0007891038169599989	0.0006984761795893465	-0.012320446591562036	-0.00034475439561569067	-0.0009575865500009147	-4.156955314307388e-5	0.004494389720288985	0.00029946203080204745	1.1066691659881236e-6	-0.0007828065052981866	0.0029680649335651252	7.451694096298523e-5	-1.5235973625913477e-5	-0.00026299943165204173
0.0069061117475927485	0.0006214867972302408	-0.0007750848087318326	0.0007255053452071618	-0.009789756962907827	-0.00034808813360377635	-0.0009707774943339914	-3.91349019946475e-5	0.004647995087299399	0.00030195168844112893	-2.5385694901169813e-7	-0.0008255558546710636	0.0036768240799584955	7.367645999700334e-5	-1.5336030403164727e-5	-0.00025595845637461614
0.007050581360606498	0.0006596925051218784	-0.000758609883616209	0.0007530729244245633	-0.007031300971258476	-0.00035093053847037154	-0.0009831098661506892	-3.6468787541572534e-5	0.004799581721421223	0.0003040443417753437	-1.6869260996739606e-6	-0.0008680315348362774	0.004439168555525583	7.264455476904512e-5	-1.541012214975676e-5	-0.00024792620282172945
0.007194489116853502	0.0006995744662722463	-0.000739673489645532	0.0007811590541107063	-0.004045584242713742	-0.000353274956923066	-0.00099456589545561	-3.357169609562978e-5	0.00494899138481025	0.00030573490402093417	-3.1918221201465764e-6	-0.00091019038449052	0.0052548863789763246	7.142058543904405e-5	-1.5457963418909362e-5	-0.00023890162644294032
0.00733770758413289	0.0007411093328666308	-0.000718275486010426	0.0008097423775110729	-0.0008336388202460612	-0.000355115759366526	-0.0010051294589901822	-3.0444634033440108e-5	0.005096069349195119	0.0003070191027120775	-4.767663544003474e-6	-0.0009519897775789017	0.0061236393161130855	7.000432860487469e-5	-1.547932395552704e-5	-0.0002288858873680028
0.00748010782538981	0.0007842695856662795	-0.0006944211830385759	0.0008388000543415577	0.002602973965453281	-0.0003564483530313331	-0.0010147861082584564	-2.7089130624768547e-5	0.005240664576437145	0.00030789348991659124	-6.413403268561768e-6	-0.0009933876701451291	0.0070449622794076135	6.83959805856043e-5	-1.5474029331836105e-5	-0.0002178823654978134
0.007621559514920115	0.0008290235353391842	-0.0006681213703414014	0.0008683077740921858	0.006262161775811406	-0.00035726919284428027	-0.0010235230939132063	-2.350723972745931e-5	0.005382629890691529	0.0003083554506596708	-8.127828576521295e-6	-0.0010343426457644614	0.008018263003557399	6.659615979415471e-5	-1.5441961461421732e-5	-0.00020589667077699583
0.007761931057865779	0.0008753353329101573	-0.0006393923330280277	0.0008982397725467524	0.010141300703655456	-0.0003575757900154159	-0.0010313293864556586	-1.970154034037632e-5	0.005521822141945611	0.0003084032095362633	-9.909561517086829e-6	-0.0010748139595050704	0.009042821999034762	6.460590819143048e-5	-1.5383058990406156e-5	-0.00019293664860837038
0.007901089712898655	0.0009231649893644544	-0.0006082558559120763	0.0009285688515177165	0.014237235878169904	-0.0003573667183221354	-0.0010381956932102546	-1.567513600821455e-5	0.005658102360729332	0.0003080358354966491	-1.1757059647951432e-5	-0.0011147615803668242	0.01011779278503553	6.242669181597673e-5	-1.5297317564778116e-5	-0.0001790123803801669
0.008038901717983611	0.0009724684044192417	-0.000574739215663078	0.0009592664017887032	0.018546283239212234	-0.00035664161807567803	-0.001044114471544074	-1.1431653074556515e-5	0.0057913359038128985	0.0003072532447938159	-1.3668617138732973e-5	-0.0011541462321500173	0.011242202402623608	6.006040038525332e-5	-1.5184789973155759e-5	-0.000164136179087528
0.008175232419105343	0.0010231974044571253	-0.0005388751608807376	0.000990302429249973	0.023064232482107313	-0.0003554011977604725	-0.0010490799383087773	-6.975237782072011e-6	0.005921392590726631	0.0003060562020852434	-1.5642366235664578e-5	-0.0011929294327100743	0.012414952208253663	5.750934596664748e-5	-1.5045586164538332e-5	-0.0001483225800406052
0.008309946401836788	0.001075299789595866	-0.0005007018800967694	0.0010216455842052138	0.02778635117147273	-0.0003536472333418873	-0.001053088075491234	-2.3105522212867196e-6	0.006048146830958344	0.0003044463196857679	-1.7676279086548723e-5	-0.001231073531557873	0.013634818947239224	5.4776260718387586e-5	-1.4879873140876696e-5	-0.00013158832666232648
0.008442907625620503	0.0011287193898482683	-0.0004602629577355887	0.0010532631938210088	0.0327073900200532	-0.00035138256524306315	-0.0010561366320673078	2.5572308681193287e-6	0.006171477741703895	0.00030242605497225755	-1.976816992419084e-5	-0.0012685417457689314	0.01490045610611666	5.186429370256656e-5	-1.4687874724567597e-5	-0.00011395235138971848
0.008573979560628255	0.0011833961303062187	-0.0004176073180916038	0.0010851212976834012	0.03782158932598068	-0.00034861109299662237	-0.001058225122061611	7.6224344370007085e-6	0.00629126925606725	0.00029999870594488707	-2.1915697605739877e-5	-0.001305298194168402	0.016210395542242097	4.8777006774522685e-5	-1.4469871201251548e-5	-9.54357517034342e-5
0.008703025327057797	0.0012392661052628288	-0.00037278915740730973	0.0011171846864190295	0.04312268655931391	-0.0003453377675821616	-0.0010593548188243319	1.2878884598416664e-5	0.006407410221626915	0.0002971684049538515	-2.411636850457479e-5	-0.001341307929762487	0.01756304938834492	4.551836955486299e-5	-1.4226198838568448e-5	-7.606176132088862e-5
0.00882990783671988	0.001296261661166812	-0.000325867864162635	0.0011494169433314543	0.04860392508617086	-0.0003415685814655188	-0.001059528745544533	1.8319919219775267e-5	0.006519794489306289	0.0002939401106043885	-2.636753975059426e-5	-0.0013765369703906127	0.01895671222915279	4.209275349243776e-5	-1.3957249281797916e-5	-5.5855716599088546e-5
0.008954489936762837	0.0013543114882835986	-0.00027690792771203215	0.001181780488996545	0.054258064016249836	-0.00033731055636085415	-0.0010587516620275395	2.393839762146464e-5	0.006628320992506205	0.00029031959785698466	-2.8666422813994126e-5	-0.0014109523275764443	0.020389563546601028	3.8504925028581175e-5	-1.3663468827582213e-5	-3.48450182038235e-5
0.009076634555376113	0.0014133407209181768	-0.00022597883543166495	0.0012142366287540322	0.06007738915703163	-0.00033257172874159396	-0.001057030047772203	2.9726711365520437e-5	0.006732893816478348	0.00028631344634360526	-3.1010087426847184e-5	-0.0014445220335595076	0.0218596704295393	3.476003787492585e-5	-1.33453575771983e-5	-1.3059088112404229e-5
0.009196204849309171	0.0014732710460355397	-0.00017315495856445501	0.0012467456030258077	0.06605372505550108	-0.000327361133131232	-0.0010543720813919037	3.567679611546219e-5	0.006833422257938924	0.00028192902692471413	-3.339546583604824e-5	-0.0014772151664929662	0.023364990543261962	3.086362441905842e-5	-1.3003468471110778e-5	9.470677972537795e-6
0.009313064353036403	0.0015340208200957009	-0.00011851542697591328	0.0012792666403850315	0.07217844810579378	-0.00032168878320986696	-0.0010507876164311278	4.1780144546035124e-5	0.006929820874942127	0.00027717448651571556	-3.5819357380440356e-5	-0.001509001873796774	0.024903375353605817	2.6821586274221807e-5	-1.2638406206799236e-5	3.271096271044728e-5
0.009427077129394177	0.0015955051939017292	-6.214399305832823e-5	0.001311758013293785	0.07844250069879356	-0.00031556565077715836	-0.0010462881536373065	4.802782027925214e-5	0.0070220095270531815	0.00027205873121525896	-3.827843338420997e-5	-0.0015398533936591332	0.02647257359978989	2.264018399117121e-5	-1.2250826042111006e-5	5.6626583613679413e-5
0.00953810792151099	0.0016576362452411367	-4.128885045069359e-6	0.0013441770964208184	0.08483640638737235	-0.00030900364261709476	-0.0010408868097553294	5.4410472820830864e-5	0.007109913405880669	0.0002665914077715828	-4.076924235792326e-5	-0.0015697420746828667	0.028070235009613347	1.8326025952154576e-5	-1.18414324866428e-5	8.11805538341834e-5
0.009646022305847322	0.0017203231190831862	5.543734997954922e-5	0.0013764804274448757	0.09135028603867666	-0.00030201557531459104	-0.0010345982829196947	6.091835346886976e-5	0.0071934630560473636	0.0002607828834267341	-4.328821549787738e-5	-0.0015986413936769051	0.029693914250080868	1.3886056468815613e-5	-1.1410977883902179e-5	0.00010633414712882344
0.009750686846157474	0.0017834721750775205	0.00011645801306638431	0.0014086237702432705	0.09797387494264768	-0.00029461514807843165	-0.0010274388147266562	6.754133216442349e-5	0.007272594386698277	0.00025464422418206814	-4.583167247376184e-5	-0.0016265259715967262	0.0313410751059943	9.327543107592e-6	-1.0960260887240891e-5	0.0001320469668767743
0.00985196924818164	0.0018469871420827319	0.0001788324300526531	0.0014405621803596639	0.10469654084379675	-0.00028681691362946815	-0.00101942614907593	7.426891525150563e-5	0.0073472486736634495	0.0002481871715319113	-4.8395827493965304e-5	-0.00165337158764108	0.033009094878532125	4.6580632679129975e-6	-1.0490124832787056e-5	0.0001582770190133131
0.009949738514872688	0.0019107692794373048	0.0002424561375255602	0.0014722500726395643	0.11150730286116527	-0.0002786362472172395	-0.0010105794878785199	8.109026411198765e-5	0.0074173725524116375	0.00024142411771564613	-5.097679563722416e-5	-0.0016791551915158317	0.034695268995337765	-1.1450995982313775e-7	-1.0001456012831208e-5	0.00018498078873550053
0.01004386510195874	0.0019747175446698044	0.0003072210777247712	0.001503641290916787	0.118394851259382	-0.0002700893138323002	-0.0010009194437340047	8.799421463887546e-5	0.007482918001949158	0.00023436807954173693	-5.3570599438695625e-5	-0.0017038549138791725	0.036396815823156195	-4.982022627894711e-6	-9.495181853341223e-6	0.000212113320826741
0.010134221073639338	0.0020387287673301092	0.00037301580198989727	0.0015346891796290834	0.12534756803178052	-0.0002611930336855217	-0.0009904679896871802	9.496929750952768e-5	0.007543842319835776	0.00022703267084037005	-5.617317571794476e-5	-0.0017274500749857667	0.038110881673592514	-9.936055426365125e-6	-8.972268999494132e-6	0.0002396283034389848
0.010220680258210305	0.0021026978286092348	0.0004397256823398281	0.0015653466572363667	0.1323535482546853	-0.0002519650460294444	-0.0009792484061802434	0.00010200375921855148	0.007600108088506703	0.00021943207360439977	-5.878038263577167e-5	-0.0017499211915506987	0.03983454599212283	-1.496793980800347e-5	-8.433721313316363e-6	0.0002674781551635006
0.010303118403409682	0.0021665178464015597	0.0005072331307522357	0.001595566291310392	0.139400622170193	-0.00024242367140041543	-0.0009672852253227565	0.00010908558382835867	0.007651683133106265	0.00021158100788118913	-6.138800696626455e-5	-0.0017712499818572363	0.04156482672006299	-2.006877470993592e-5	-7.880577787719347e-6	0.00029561411521362177
0.010381413331275033	0.0022300803654503663	0.0005754178256939889	0.0016253003751604707	0.14647637795309199	-0.00023258787236372862	-0.000954604172607384	0.00011620251539370669	0.00769854047105492	0.00020349470048069154	-6.399177156995443e-5	-0.0017914193691355262	0.043298685818798414	-2.5229443837589594e-5	-7.313910381403262e-6	0.0003239863365357486
0.010455445092300442	0.0022932755522053886	0.0006441569454366401	0.0016545010058557855	0.15356818511597087	-0.00022247721284727881	-0.0009412321062048722	0.00012334208101498153	0.0077406582535865945	0.00019518885256772811	-6.658734305346711e-5	-0.0018104134832423284	0.04503303494519857	-3.0440633475209676e-5	-6.7348217792774175e-6	0.0003525439816581552
0.01052509611867997	0.002355992394009599	0.0007133254076754382	0.0016831201635010996	0.1606632185050656	-0.00021211181615236787	-0.0009271969539769372	0.0001304916144735012	0.007778019699508052	0.0001866796062088909	-6.917033960061353e-5	-0.0018282176606747714	0.04676474126678167	-3.569285078601686e-5	-6.144443083212447e-6	0.00038123532108078805
0.010590251376423167	0.0024181189022218753	0.0007827961149558043	0.00171110979161923	0.16774848283800564	-0.0002015123217332081	-0.0009125276483505734	0.0001376382804007504	0.007810613021446179	0.00017798350994680342	-7.173633895944427e-5	-0.0018448184429539053	0.04849063340486399	-4.097644256395053e-5	-5.543931438094258e-6	0.00041000783400335595
0.010650798516127316	0.0024795423188723187	0.0008524402053976094	0.001738421878490469	0.17481083773332137	-0.00019069984083939514	-0.0008972540592018592	0.00014476909893218031	0.007838431344862264	0.00016911748347662819	-7.42808865694025e-5	-0.0018602035734164696	0.050207507493619165	-4.6281614397890934e-5	-4.934467598294828e-6	0.0004388083111835041
0.010706628022190584	0.002540149326438061	0.0009221273081951628	0.001765008539296281	0.18183702318039327	-0.0001796959111181344	-0.0008814069249015479	0.00015187097079504084	0.007861472620125123	0.00016009878150169822	-7.679950381235828e-5	-0.001874361992455868	0.05191213334269113	-5.159845020829262e-5	-4.3172534398083535e-6	0.0004675829597118327
0.01075763336025014	0.0025998262603192587	0.0009917258033594954	0.0017908220989120713	0.1888136853974439	-0.00016852245027530245	-0.0008650177816786108	0.00015893070277865328	0.007879739527946744	0.00015094495684696727	-7.928769637098541e-5	-0.0018872838312557342	0.053601260690748234	-5.69169321152846e-5	-3.6935094234232347e-6	0.000496277509485939
0.010803711122629402	0.002658459323587752	0.0010611030851593194	0.0018158151751915476	0.1957274030242099	-0.00015720170889651233	-0.0008481188914614286	0.00016593503353457944	0.007893239378495152	0.000141673822910624	-8.174096267765663e-5	-0.001898960404061779	0.05527162553713646	-6.222696059650188e-5	-3.064472014410943e-6	0.0005248373211615332
0.010844761171579276	0.002715934803574536	0.0011301258287080332	0.0018399407625833248	0.2025647135950787	-0.0001457562225312125	-0.000830743168359504	0.00017287065965330555	0.007901984004509654	0.00013230341553568652	-8.415480243678349e-5	-0.0019093841990397754	0.05691995653858805	-6.751837489221505e-5	-2.431391064311191e-6	0.0005532074953550446
0.010880686780099076	0.0027721392898567955	0.0011986602591363272	0.0018631523159188127	0.20931214023774125	-0.00013420876314448267	-0.0008129241039513774	0.0001797242619633364	0.00790598964875294	0.000122851954384684	-8.652472520331305e-5	-0.0019185488677695537	0.05854298145776773	-7.278097361471715e-5	-1.7955271604789476e-6	0.0005813329828689774
0.010911394770124126	0.0028269598932007295	0.001266572422783281	0.0018854038342091676	0.2159562185417904	-0.00012258229004260033	-0.0007946956915468734	0.00018648253199798296	0.007905276846143255	0.00011333780390164679	-8.884625899991525e-5	-0.0019264492134267598	0.060137433650291915	-7.800453551840959e-5	-1.1581489491330053e-6	0.0006091586957085957
0.01093679564786884	0.002880284465012903	0.0013337284598335093	0.0019066499442881883	0.22248352354120132	-0.0001108999003796196	-0.0007760923495938677	0.00019313219857464186	0.007899870300917634	0.00010377943394654581	-9.11149589552565e-5	-0.001933081177705895	0.061700058576740845	-8.317884038661245e-5	-5.205304377067051e-7	0.0006366296186563744
0.010956803736115893	0.0029320018168502143	0.0013999948778236691	0.0019268459841374243	0.22888069675424502	-9.918477935315e-5	-0.0007571488444014677	0.00019966005443098402	0.007889798759184096	9.419538018806963e-5	-9.332641594564938e-5	-0.0019384418265397285	0.06322762032609236	-8.829368999079317e-5	1.1605171764933047e-7	0.0006636909211689567
0.010971337303244764	0.0029820019395369554	0.0014652388254387725	0.0019459480857295405	0.2351344732241326	-8.74601501982191e-5	-0.0007379002123528014	0.00020605298286222214	0.007875094877226794	8.460420434117284e-5	-9.547626522230433e-5	-0.0019425293346716369	0.0647169081369489	-9.333892907768053e-5	7.503209335271204e-7	0.00069028806936022
0.010980318688795456	0.0030301762214367755	0.001529328366017085	0.001963913257226074	0.2412317085035539	-7.574922408856356e-5	-0.0007183816817815284	0.0002122979843034928	0.007855795085933218	7.502445433619026e-5	-9.756019500638271e-5	-0.0019453429691387311	0.06616474290289814	-9.830446633959847e-5	1.381003423775562e-6	0.0007163669378334064
0.010983674425366574	0.003076417665427592	0.0015921327501819264	0.001980699464366145	0.247159405526254	-6.407515005492392e-5	-0.0006986285946867453	0.00021838220280137103	0.007831939451716927	6.547462450648982e-5	-9.957395503405801e-5	-0.0019468830717247704	0.06756798364834633	-0.00010318029532331228	2.0068309211500725e-6	0.0007418739211251168
0.010981335356650258	0.0031206211041288224	0.001653522687019605	0.001996265710883479	0.25290474130890955	-5.2460965029889545e-5	-0.0006786763284610829	0.00022429295231864938	0.007803571534312541	5.5973115881608136e-5	-0.00010151336503384378	-0.001947151040442863	0.06892353396119313	-0.00010795651523274534	2.6265433901822178e-6	0.0007667560445243725
0.010973236751410431	0.0031626834129324403	0.00171337061322477	0.0020105721177902016	0.2584550934267896	-4.092954412859238e-5	-0.0006585602178065832	0.0002300177428167352	0.0077707382418223	4.653819667261141e-5	-0.0001033743231185308	-0.0019461493101088072	0.07022834836877348	-0.00011262335158107631	3.2388917253690327e-6	0.0007909610740308101
0.010959318413215065	0.003202503720392602	0.0017715509596378585	0.002023580001367346	0.2637980662070454	-2.9503551274042022e-5	-0.0006383154770123008	0.00023554430606037265	0.007733489683395066	3.718796303601781e-5	-0.00010515281407420118	-0.001943881332066601	0.07147943864357947	-0.00011717117664798357	3.84264042881092e-6	0.0008144376252174955
0.010939524785737627	0.003239983615532683	0.001827940414603912	0.0020352519497037805	0.26892151658394664	-1.820539027516178e-5	-0.0006179771227665764	0.00024086062108986093	0.007691879019919207	2.7940300202031064e-5	-0.00010684491752894919	-0.001940351553128198	0.07267388002539221	-0.00012159052969815073	4.436570261468278e-6	0.0008371352707657417
0.010913805053447908	0.003275027351633639	0.0018824181835878728	0.002045551897627428	0.27381357956097424	-7.057156464613194e-6	-0.0005975798976755429	0.0002459549393065257	0.007645962313110791	1.881284405205839e-5	-0.00010844681598413645	-0.0019355653937899566	0.07380881734659697	-0.000125872136917592	5.019480862261256e-6	0.0008590046464417223
0.010882113237517619	0.003307542046073666	0.0019348662444885986	0.002054445199875085	0.2784626932254013	3.91941099772227e-6	-0.0005771581946576356	0.00025081580911790927	0.007595798373377126	9.82294322951425e-6	-0.00010995480269124743	-0.0019295292257884686	0.07488147104763118	-0.00013000693102489826	5.590193329304433e-6	0.000879997555287609
0.01084440828677172	0.003337437875795996	0.0019851695981020355	0.0020618987023499364	0.28285762326181696	1.470297605116149e-5	-0.0005567459823817627	0.0002554321000899565	0.007541448606833957	9.876218667758875e-7	-0.0001113652893576808	-0.0019222503490585168	0.07588914306971396	-0.0001339860705151316	6.147552757646875e-6	0.0009000670698033289
0.010800654163522435	0.0033646282679896133	0.0020332165131935654	0.002067880811318996	0.2869874869120062	2.527265178778048e-5	-0.0005363767319142505	0.000259793026554415	0.0074829768618515325	-7.676456990186282e-6	-0.00011267481366512345	-0.001913736968155844	0.07682922261223803	-0.00013780095849482652	6.690430727980572e-6	0.0009191676318989698
0.01075081992412901	0.0033890300855763493	0.002078898765650148	0.0020723615604060835	0.2908417763296544	3.5608045532249326e-5	-0.0005160833447368079	0.00026388817062071113	0.007420449275501113	-1.615302717948276e-5	-0.00011388004658449627	-0.001903998168207181	0.07769919174246084	-0.0001414432610673679	7.217727740883742e-6	0.0009372551504022089
0.01069487979413293	0.003410563807107486	0.002122111871194706	0.00207531267523972	0.29441038127952396	4.5689302849190064e-5	-0.0004958980822945214	0.00026770750454271946	0.007353934120268889	-2.4426254364947877e-5	-0.0001149777994718394	-0.0018930438904496058	0.07849663084541582	-0.0001449049252289203	7.728375591281329e-6	0.0009542870959099876
0.010632813237825074	0.0034291537006835046	0.0021627553111581792	0.0020767076356193403	0.2976836111320356	5.549715038164851e-5	-0.0004758524972292868	0.0002712414123921127	0.007283501651398751	-3.2480770045278214e-5	-0.00011596503092991831	-0.0018808849074207887	0.07921922390227615	-0.00014817819623607622	8.221339677932864e-6	0.0009702225927789698
0.010564605022108368	0.0034447279915218866	0.002200732750818659	0.002076521735067537	0.30065221610557474	6.501293742680543e-5	-0.0004559773664501726	0.00027448071099134074	0.007209223955219225	-4.0301704556208344e-5	-0.00011683885342077522	-0.0018675327978610076	0.07986476358573741	-0.00015125563440746302	8.695621242896084e-6	0.0009850225080550448
0.010490245274527018	0.003457219022810093	0.0022359522498321873	0.0020747321376406907	0.30330740771034287	7.421867615781622e-5	-0.00043630262618792466	0.0002774166700607699	0.00713117479880266	-4.7874718993463185e-5	-0.00011759653961493043	-0.0018529999213870122	0.0804311561613485	-0.00015413013132271032	9.150259536065257e-6	0.0009986495371483454
0.01040972953534093	0.003466563409493735	0.0022683264642959578	0.0020713179318752107	0.3056408783491698	8.30970804036178e-5	-0.0004168573091762412	0.0002800410315360788	0.007049429481297046	-5.5186035986569644e-5	-0.00011823552846344523	-0.0018372993929968696	0.0809164261841039	-0.00015679492538341692	9.58433390004369e-6	0.0010110682860668585
0.010323058803531925	0.003472702184663678	0.0022977728400017734	0.002066260181751766	0.3076448200323933	9.163160290168087e-5	-0.0003976694840975476	0.0002823460280136748	0.006964064687262126	-6.222246925610622e-5	-0.00011875343097959719	-0.0018204450574638485	0.08131872098001919	-0.0001592436167020704	9.996965770780606e-6	0.0010222453500287015
0.010230239576636433	0.00347558093822024	0.0023242137964558287	0.0020595419745653098	0.3093119421657059	9.980647094203294e-5	-0.0003787661974257738	0.00028432440028366203	0.006875158342332135	-6.897145188962819e-5	-0.00011914803571748716	-0.001802451463676186	0.08163631490284304	-0.00016147018128626729	1.0387320589584497e-5	0.0010321493882805885
0.010131283884307856	0.003475149947507806	0.0023475769012598737	0.0020511484655943517	0.3106354883717425	0.00010760672032437526	-0.0003601734177931642	0.00028596941391173167	0.006782789471517469	-7.54210632742849e-5	-0.00011941731393549175	-0.0017833338389782465	0.08186761335651098	-0.00016346898448703953	1.075460962231505e-5	0.001040751194957766
0.010026209315520259	0.003471364299628993	0.0023677950344688295	0.0020410669194688294	0.31160925230814984	0.00011501822755381213	-0.00034191598300235387	0.00028727487483328867	0.006687038060446805	-8.15600546270817e-5	-0.00011955942443309868	-0.0017631080635671283	0.08201115657441982	-0.00016523479368162755	1.1098091681756299e-5	0.0010480237658288777
0.009915039039333875	0.0034641840051639395	0.0023848065425606936	0.0020292867481420305	0.31222759244692383	0.00012202774020455553	-0.00032401754979890005	0.00028823514392513675	0.006587984919839735	-8.737787306679314e-5	-0.00011957271805030819	-0.0017417906449971859	0.08206562314709434	-0.0001667627901626341	1.1417074749382266e-5	0.0010539423607777
0.009797801819151982	0.0034535741030374024	0.0023985553816761847	0.002015799545378369	0.31248544578192444	0.00012862290538496763	-0.00030650054651318315	0.0002888451505221392	0.006485711553488069	-9.286468417470937e-5	-0.00011945574181945652	-0.0017193986928432678	0.08202983329032924	-0.00016804858020715152	1.1710917492943307e-5	0.0010584845618825207
0.00967453202040774	0.0034395047562939306	0.002408991249807962	0.0020005991176753135	0.31237834043367874	0.00013479229624146314	-0.0002893861286740231	0.0002891004048484351	0.006380300030011163	-9.801139299470367e-5	-0.00011920724276001054	-0.0016959498935716548	0.08190275184641889	-0.00016908820530117286	1.1979030676526842e-5	0.0010616303269630725
0.009545269611628951	0.003421951338559599	0.0024160697076422927	0.001983681511544489	0.3119024071228439	0.00014052543644307074	-0.00027269413768962785	0.0002889970093350217	0.006271832858637561	-0.00010280966342650348	-0.00011882617130759784	-0.0016714624856657967	0.08168349101163203	-0.00016987815149636598	1.2220878459977991e-5	0.0010633620384743392
0.009410060158838175	0.0034008945109874227	0.0024197522877797773	0.0019650450370838467	0.3110543894860348	0.00014581282259287423	-0.0002564430626845072	0.0002885316687978068	0.006160392869251445	-0.00010725193596956023	-0.00011831168436927051	-0.0016459552350519514	0.08137131278364981	-0.00017041535787811255	1.2435979584805176e-5	0.0010636645476362497
0.009268954813255126	0.003376320289502717	0.002420006592086114	0.0019446902877798228	0.30983165321010947	0.00015064594451708854	-0.00024065000557381994	0.0002877016994525884	0.0060460630969281426	-0.00011133144377851294	-0.00011766314799775419	-0.0016194474108677363	0.0809656311232605	-0.00017069722412558336	1.2623908443941352e-5	0.0010625252136982164
0.00912201029227809	0.003348220102184197	0.0024168063769487167	0.0019226201564855995	0.30823219396344526	0.00015501730338716044	-0.00022533064944930639	0.0002865050367458206	0.005928926671168382	-0.00011504222699492164	-0.00011688013967820218	-0.0015919587616144563	0.08046601382519077	-0.00017072161714653047	1.2784296032982587e-5	0.0010599339382476188
0.008969288853730707	0.003316590836636523	0.002410131626240456	0.0018988398475288557	0.30625464410523073	0.00015892042763503573	-0.00021049923034342137	0.0002849402419824785	0.0058090667100256475	-0.00011837914532371878	-0.0001159624502217577	-0.0015635094917317786	0.07987218409355351	-0.00017048687677142913	1.291683078078279e-5	0.0010558831944817142
0.008810858263370455	0.0032814348772302483	0.0023999686118175803	0.0018733568849098358	0.3038982781563321	0.00016234988662655115	-0.0001961685124306757	0.00028300650773482893	0.005686566219305738	-0.00012133788882665222	-0.00011491008526102515	-0.001534120238631059	0.0791840218180012	-0.00016999182049358568	1.3021259257544314e-5	0.0010503680513729973
0.008646791755665099	0.003242760132105699	0.0023863099414051722	0.001846181116558082	0.3011630170178644	0.000165301302062822	-0.00018234976671740324	0.000280703662018446	0.005561507997001694	-0.0001239149869088923	-0.00011372326634335912	-0.0015038120502212057	0.07840156454729254	-0.00016923574724384327	1.3097386758809866e-5	0.001043386192668739
0.008477167987853052	0.003200580049858008	0.0023691545937499863	0.0018173247146237165	0.29804943092619696	0.00016777135708446748	-0.00016905275326327784	0.0002780321712243699	0.0054339745431109705	-0.0001261078154789239	-0.00011240243161869623	-0.0014726063629585018	0.07752500815760495	-0.00016821844019055722	1.3145077764030096e-5	0.0010349379306762677
0.008302070987314008	0.003154913625841638	0.0023485079409474394	0.001786802171786899	0.29455874113575997	0.00016975780305853802	-0.00015628570696996443	0.0002749931417989035	0.005304047974965656	-0.0001279146022658298	-0.00011094823611948405	-0.0014405249804493763	0.07655470721356009	-0.00016694016855757515	1.3164256268653108e-5	0.0010250262147965324
0.008121590092285776	0.003105785398053767	0.0023243817578765366	0.0017546302935767272	0.2906928203236633	0.00017125946403308861	-0.00014405532696420037	0.0002715883206651446	0.0051718099481895255	-0.00012933443028210573	-0.00010936155163109022	-0.0014075900526324837	0.07549117502056499	-0.00016540168845503557	1.3154905988956635e-5	0.0010136566347795025
0.00793581988597343	0.0030532254325772237	0.0022967942187037725	0.0017208281866986249	0.2864541917128072	0.00017227623884944005	-0.00013236676959452374	0.0002678200943829796	0.00503734158337916	-0.00013036723942419346	-0.00010764346615191332	-0.0013738240555639363	0.07433508336771315	-0.00016360424271989033	1.3117070439119537e-5	0.0010008374186860891
0.007744860124106826	0.0029972692985849843	0.002265769880444368	0.0016854172433770184	0.28184602691284144	0.00017280910090730246	-0.00012122364505270735	0.00026369148704690035	0.004900723398589279	-0.00013101382620699355	-0.00010579528294325642	-0.0013392497718268856	0.07308726196113365	-0.00016154955976515692	1.3050852880306652e-5	0.0009865794255524184
0.007548815656012279	0.0029379580329295593	0.002231339653596583	0.001648421121727855	0.27687214248100595	0.00017286009558307156	-0.00011062801762279275	0.00025920615692363836	0.00476203524768535	-0.00013127584163269526	-0.00010381851916986311	-0.001303890271584005	0.07174869754831936	-0.00015923985143900888	1.2956416141818776e-5	0.0009708961327634428
0.007347796339274341	0.002875338094361995	0.002193540759892219	0.0016098657221833004	0.2715369952075678	0.00017243233530674678	-0.00010058040955245856	0.0002543683918342562	0.0046213562646095436	-0.0001311557871983411	-0.00010171490413285795	-0.0012677688942888052	0.07032053273461072	-0.0001566778098969167	1.2833982314637388e-5	0.0009538036181540626
0.007141916948072877	0.0028094613074463636	0.0021524166772336683	0.0015697791599986089	0.26584567613323296	0.00017152999230804676	-9.107980853328351e-5	0.00024918310328795137	0.004478764813588686	-0.00013065700905061297	-9.948637709766551e-5	-0.0012309092310689765	0.06880406449365062	-0.00015386660349214464	1.2683832317970672e-5	0.0009353205368670251
0.006931297075290824	0.0027403847962568814	0.002108017071915074	0.001528191733878905	0.2598039033085728	0.00017015828904740196	-8.212367876836858e-5	0.00024365581937745603	0.004334338445296035	-0.00012978369030037663	-9.713508472031973e-5	-0.0011933351077923514	0.06720074237426706	-0.00015080987169199955	1.2506305339683434e-5	0.0009154680930079773
0.0067160610284972624	0.0026681709079657318	0.002060397718252103	0.0014851358907711921	0.2534180133081429	0.00016832348635257237	-7.370797559770128e-5	0.0002377926764485066	0.004188153858961486	-0.00012854084151354644	-9.466337807639781e-5	-0.0011550705688233775	0.06551216640687302	-0.00014751171902929722	1.2301798151767344e-5	0.000894270006149027
0.006496337719919708	0.002592887126450384	0.0020096204057715094	0.0014406461868744043	0.2466949515145759	0.00016603286928666477	-6.582716364363835e-5	0.00023160040955842373	0.004040286870407738	-0.00012693428939882038	-9.207380929763078e-5	-0.001116139861475294	0.06374008471309932	-0.00014397670810056313	1.2070764302279421e-5	0.0008717524727430522
0.006272260550529258	0.002514605976069904	0.0019557528341381464	0.0013947592449278445	0.23964226119052456	0.00016329473077829066	-5.847423843099387e-5	0.0002250863417413989	0.0038908123859734715	-0.00012497066371677782	-8.936912782205503e-5	-0.0010765674211606557	0.06188639082299994	-0.00014020985162451773	1.1813713185445294e-5	0.0008479441225217984
0.00604396728837077	0.002433404915779817	0.0018988684960230295	0.0013475137078455832	0.23226807135886388	0.00016011835304950627	-5.16407514283916e-5	0.00021825837210057497	0.003739804382267598	-0.0001226573824387224	-8.655227626436057e-5	-0.001036377857240123	0.059953120704777395	-0.00013621660357639133	1.1531208991888255e-5	0.0008228759699613767
0.005811599941279566	0.0023493662237751268	0.0018390465481417503	0.0012989501887716746	0.22458108351407624	0.00015651398688200347	-4.531683844986275e-5	0.00021112496274948545	0.0035873358916824805	-0.00012000263518748331	-8.36263859138805e-5	-0.0009955959395669303	0.057942449512580534	-0.0001320028494155885	1.1223869541206089e-5	0.0007965813609092665
0.005575304624134664	0.0022625768728705693	0.001776371670717621	0.0012491112176380664	0.21659055719019368	0.00015249282876675003	-3.9491251348129625e-5	0.00020369512462782948	0.003433478993577814	-0.0001170153649961422	-8.059477186843178e-5	-0.0009542465857218428	0.05585668805851578	-0.00012757489542614928	1.0892364999373087e-5	0.0007690959144771437
0.005335231420807077	0.0021731283968463035	0.0017109339156485617	0.0011980411843140154	0.20830629441307894	0.00014806699598691767	-3.4151392923614264e-5	0.00019597840221893074	0.0032783048110309877	-0.00011370524842433602	-7.746092781297156e-5	-0.0009123548489309333	0.0536982790155911	-0.00012293945719134714	1.0537416483695273e-5	0.0007404574603139045
0.005091534240970142	0.0020811167480059463	0.001642828543680773	0.001145786278442569	0.199738623067178	0.00014324949968846047	-2.9283354966011693e-5	0.0001879848571985412	0.0031218835130344415	-0.00011008267407537606	-7.42285204527679e-5	-0.0008699459066560582	0.05146979285887748	-0.00011810364722561204	1.015979455829132e-5	0.0007107059713830583
0.004844370671946501	0.001986642146211917	0.0015721558509155897	0.0010923944260661927	0.19089837920915428	0.00013805421599711885	-2.4871959338207282e-5	0.00017972505104689516	0.0029642843220050855	-0.00010615871956092603	-7.09013836114964e-5	-0.0008270450498454641	0.04917392355271893	-0.00011307496178875996	9.760317623309767e-6	0.0006798834923781726
0.004593901825774544	0.0018898089196807922	0.0014990209849986295	0.0010379152231500429	0.18179688836303995	0.0001324958552448959	-2.090080200553049e-5	0.00017121002665810875	0.002805575526456581	-0.000101945126963372	-6.748351200537068e-5	-0.0007836776728296922	0.046813483992357664	-0.00010786126690925834	9.339850201324055e-6	0.0006480340639193325
0.004340292181684487	0.0017907253378383764	0.0014235337513623407	0.0009823998661175177	0.17244594583368575	0.0001265899293732043	-1.7352299906702455e-5	0.00016245128898313284	0.0026458244986707993	-9.745427684931174e-5	-6.397905470508468e-5	-0.0007398692638456451	0.04439140120885622	-0.00010247078364494565	8.899301124571003e-6	0.0006152036426825315
0.004083709424181117	0.0016895034365505429	0.0013458084099141428	0.0009259010795186017	0.16285779607735	0.00012035271758386883	-1.420774055646226e-5	0.0001534607847444955	0.0024850977171909324	-9.269916089075528e-5	-6.039230829798913e-5	-0.0006956453961694426	0.04191071134669265	-9.69120726112454e-5	8.439621626913505e-6	0.0005814400176225137
0.003824324276937861	0.001586258836061868	0.001265963462582817	0.0008684730409573209	0.15304511117027067	0.00011380123031301087	-1.1447334263757458e-5	0.00014425088126304196	0.0023234607939458933	-8.769335315367651e-5	-5.672770976355115e-5	-0.0006510317198366954	0.03937455442388711	-9.119401780848722e-5	7.961803344615934e-6	0.0005467927224579333
0.003562310332712696	0.0014811105519889926	0.0011841214321551702	0.0008101713034099596	0.14302096841795217	0.00010695317160651593	-9.05026884348661e-6	0.00013483434443873837	0.0021609785058025	-8.245098011647282e-5	-5.298982907573485e-5	-0.0006060539539266746	0.036786168884970674	-8.532580978143651e-5	7.466876230218878e-6	0.0005113129445955871
0.0032978438795032063	0.0013741807997301745	0.001100408632853619	0.0007510527150709604	0.13279882714972052	9.982689997928668e-5	-6.994766694215981e-6	0.0001252243159294007	0.001997714830330184	-7.69866894836676e-5	-4.918336154651165e-5	-0.0005607378793850065	0.03414888595754567	-7.931692814556599e-5	6.955906383989051e-6	0.00047505343067807796
0.003031103723163805	0.001265594792666087	0.0010149549331229242	0.0006911753368683191	0.12239250474481687	9.244138784380696e-5	-5.258144108976903e-6	0.00011543428957289823	0.0018337329855513112	-7.131561786282841e-5	-4.5313119925244314e-5	-0.0005151093323576456	0.03146612382359858	-7.317712351595351e-5	6.429993807599611e-6	0.00043806838894642315
0.0027622710067137894	0.0011554805345397896	0.0009278935111108787	0.000630598357794921	0.1118161519379186	8.481617959667202e-5	-3.816872681257733e-6	0.00010547808709997706	0.0016690954734394127	-6.545335737515682e-5	-4.138402626919527e-5	-0.0004691941980071512	0.02874138161711603	-6.691639887596524e-5	5.890270084865034e-6	0.00040041338861589344
0.0024915290265701473	0.0010439686064159083	0.0008393606033433895	0.0005693820082066402	0.10108422745350422	7.697134845469013e-5	-2.646642663592233e-6	9.536983318635125e-5	0.0015038641269174101	-5.9415921272547344e-5	-3.7401103600886824e-5	-0.00042301840478065414	0.02597823325992073	-6.05449904240847e-5	5.337895994514039e-6	0.00036214525646973143
0.0022190630459439104	0.0009311919486302743	0.0007494952471088418	0.0005075874712420546	0.09021147201988997	6.89274521348907e-5	-1.722428131788936e-6	8.512392989409969e-5	0.0013381001600984502	-5.3219708636078995e-5	-3.3369467368481764e-5	-0.0003766079190973848	0.023180321147983685	-5.4073347938359285e-5	4.774059060131354e-6	0.00032332197088129507
0.0019450601056432864	0.0008172856381516715	0.0006584390170800769	0.0004452767925223769	0.07921288181507756	6.0705487475312384e-5	-1.0185538037880755e-6	7.475503055369819e-5	0.0011718642215031113	-4.6881468232918076e-5	-2.929431672576277e-5	-0.00032998874042220497	0.020351349700783825	-4.751211469896898e-5	4.199971042536221e-6	0.000284002553480649
0.001669708832531139	0.000702386661786933	0.0005663357567146311	0.00038251278829367323	0.06810368139775827	5.2326844095766245e-5	-5.087633584369856e-7	6.427801313920265e-5	0.00100521644997886	-4.0418261610452145e-5	-2.518092564866595e-5	-0.00028318689669033597	0.01749507878657607	-4.087210701036911e-5	3.6168653799908553e-6	0.0002442469586866527
0.0013931992458876964	0.0005866336856691057	0.0004733313049849267	0.00031935895217645796	0.056899296177892196	4.381325719986597e-5	-1.6628909610292077e-7	5.370795319015755e-5	0.0008382165330400129	-3.384742550814044e-5	-2.10346339056584e-5	-0.0002362284400472209	0.014615317036686363	-3.416429336530759e-5	3.025994581745181e-6	0.0002041159613300876
0.0011157225619331786	0.000470166821476312	0.0003795732190001983	0.00025587936069064443	0.045615324482272485	3.518675962151024e-5	3.607721995550208e-8	4.306009633477827e-5	0.0006709237673402594	-2.7186533669067298e-5	-1.686083789956032e-5	-0.00018913944286649514	0.011715915062190654	-2.7399773293793392e-5	2.428627580526506e-6	0.000163671042597491
0.0008374709967676946	0.00035312738983560163	0.0002852104930906029	0.00019213857772620646	0.034267509271326956	2.6469633220645813e-5	1.2591250517710877e-7	3.234983046978631e-5	0.0005033971209838786	-2.045335813448982e-5	-1.2664981398674742e-5	-0.0001419459940080699	0.008800758586536983	-2.0589755940758435e-5	1.8260470496714316e-6	0.00012297427452888745
0.0005586375679882292	0.00023565768137194548	0.00019039327493153253	0.00012820155813201173	0.022871709564149443	1.768435973457351e-5	1.3108964425872716e-7	2.1592657653004682e-5	0.0003356952973767482	-1.366583010580888e-5	-8.452546175318944e-6	-9.467419527751613e-5	0.005873761507847515	-1.374553841673808e-5	1.2195466906746432e-6	8.208820330570012e-5
0.0002794158952449001	0.000117900715867492	9.527257929250774e-5	6.413355059709829e-5	0.011443871629375508	8.853571192251312e-6	7.970409858948773e-8	1.0804165765433295e-5	0.00016787680031430212	-6.842000459337981e-6	-4.229042570046657e-6	-4.7350158047323e-5	0.002938858904787012	-6.878483966383222e-6	6.10428496993682e-7	4.107573156771552e-5
