-1.0000000000000002
-0.989943950294454
-0.9799791097797846
-0.9701074105475391
-0.960330783215934
-0.9506511562983847
-0.941070456045244
-0.9315906067871874
-0.9222135318050989
-0.91294115473821
-0.9037754015332035
-0.8947182029275295
-0.8857714974517573
-0.8769372349289388
-0.8682173804436283
-0.8596139187501295
-0.8511288590883179
-0.8427642403765501
-0.8345221367543544
-0.8264046634530346
-0.8184139829796931
-0.8105523116096762
-0.8028219261938465
-0.7952251713005796
-0.787764466728009
-0.7804423154400892
-0.773261312000753
-0.766224151604483
-0.7593336398293588
-0.7525927032712174
-0.7460044012557282
-0.7395719388704564
-0.7332986816128725
-0.7271881720148783
-0.7212468123427124
-0.7155111108250279
-0.7099950835226143
-0.704703139906542
-0.6996396577356151
-0.6948090572627215
-0.6902158929375325
-0.6858649651921538
-0.6817614556019871
-0.6779110897364053
-0.6743203335150851
-0.6709966311419021
-0.6679486962690256
-0.6651868743927107
-0.6627236077062503
-0.6605740658663701
-0.6587570937549558
-0.6572968871433779
-0.656226711943128
-0.6556008016419683
-0.6709762507033138
-0.6718989092544203
-0.6730267863873158
-0.6743632754374888
-0.6759121859573172
-0.6776778454199653
-0.6796652367665698
-0.68188018570839
-0.6843296195633954
-0.6870219322949702
-0.6899675122146472
-0.6931795275965793
-0.6966751392114535
-0.7004774609839016
-0.7046189379561643
-0.7091477233511302
-0.714141561399866
-0.7171717171717161
-0.7272727272727263
-0.7373737373737363
-0.7474747474747465
-0.7575757575757566
-0.7676767676767667
-0.7777777777777768
-0.7878787878787868
-0.7979797979797969
-0.808080808080807
-0.818181818181817
-0.8282828282828272
-0.8383838383838373
-0.8484848484848474
-0.8585858585858575
-0.8686868686868676
-0.8787878787878776
-0.8888888888888876
-0.8989898989898978
-0.909090909090908
-0.9191919191919179
-0.9292929292929281
-0.9393939393939382
-0.9494949494949483
-0.9595959595959582
-0.9696969696969684
-0.9797979797979784
-0.9898989898989885
-0.9999999999999987
