0.062499999836197986
0.06474382861625119
0.06705674320242576
0.06943967240691877
0.07189355401042719
0.07441934793812226
0.07701805745113695
0.0796907438967489
0.08243854759238814
0.08526270655994479
0.08816457705333465
0.0911456527095585
0.09420758552064405
0.09735220340261075
0.10058153183810466
0.1038978103840809
0.10730351293159451
0.11080136586109889
0.11439436749710115
0.11808580699188376
0.12187928776290564
0.12577874678244977
0.12978848500975557
0.13391319197601256
0.13815798123325138
0.1425284280123664
0.1470306150103699
0.151671185203536
0.15645740436515926
0.1613972337189983
0.16649942188363395
0.1717736053487382
0.17723043000176888
0.18288170269571044
0.19005084641747286
0.1998696954669006
0.20982482202991717
0.21991098097501577
0.23012775607600455
0.24047899228602954
0.2509715754138372
0.26161329340978917
0.2724093001533619
0.28335641081255547
0.29443386675657207
0.30558848003406436
0.3167107056707751
0.32759629715140726
0.3378854534759653
0.3469668515255755
0.35382472042070134
0.35677364719610094
0.3528600110271115
0.33529994687821396
0.3446593228744728
0.3510348225983853
0.3575662537873876
0.36428564694137294
0.3712307825098438
0.37844712796931823
0.3859907839933472
0.3939329235601192
0.40236646135013887
0.4114162225728156
0.4212548864698553
0.43212886171635556
0.4444026042455398
0.4586398229425635
0.4757664709804961
0.49744260414495167
0.5270976129177847
0.9999999999999989
0.9999999999999989
0.9999999999999989
0.9999999999999989
0.9999999999999989
0.9999999999999989
0.9999999999999989
0.9999999999999989
0.9999999999999989
0.9999999999999989
0.9999999999999989
0.9999999999999989
0.9999999999999989
0.9999999999999989
0.9999999999999989
0.9999999999999989
0.9999999999999989
0.9999999999999989
0.9999999999999989
0.9999999999999989
0.9999999999999989
0.9999999999999989
0.9999999999999989
0.9999999999999989
0.9999999999999989
0.9999999999999989
0.9999999999999989
0.9999999999999989
0.9999999999999989
