0.9999999999999994
0.998314222070778
0.9930908070763755
0.9841696981990575
0.9715079997838215
0.9551627508274356
0.9352622596449848
0.9119753247520965
0.8854852168220859
0.8559702106929257
0.7907593226395194
0.5765386166279712
0.4359228880315067
0.3467024893198606
0.2855603787088613
0.22125739784209292
0.010126739974865918
0.009757395749522712
0.10481997196313976
0.09787896161504453
0.0914211544905033
0.06249999999999996
0.06249999999999996
0.06249999999999996
0.06249999999999996
0.06249999999999996
0.06249999999999996
0.06249999999999996
0.06249999999999996
0.06249999999999996
