-1.0
-0.9310344827586207
-0.8620689655172413
-0.7931034482758621
-0.7241379310344828
-0.6551724137931034
-0.5862068965517241
-0.5172413793103449
-0.4482758620689655
-0.3793103448275862
-0.3103448275862069
-0.2413793103448276
-0.1724137931034483
-0.10344827586206896
-0.034482758620689655
0.034482758620689655
0.10344827586206896
0.1724137931034483
0.2413793103448276
0.3103448275862069
0.3793103448275862
0.4482758620689655
0.5172413793103449
0.5862068965517241
0.6551724137931034
0.7241379310344828
0.7931034482758621
0.8620689655172413
0.9310344827586207
1.0
