1.0000000000000002
0.9999547174960375
0.999816293370291
0.9995808652327917
0.9992445765967183
0.998803578526923
0.9982540281426694
0.997592085273058
0.9968139057878608
0.9959156326419505
0.9948933838457479
0.9937432383457853
0.9924612186472328
0.9910432724984841
0.989485251006022
0.9877828864233018
0.9859317671092938
0.9839273117466657
0.9817647418005837
0.9794390531571673
0.9769449851202727
0.9742769902318186
0.9714291986255144
0.9683953842165608
0.9651689251493699
0.9617427620469905
0.9581093514322144
0.9542606133890117
0.9501878719620022
0.9458817886027879
0.9413322788087596
0.936528420721059
0.931458346003547
0.9261091013667883
0.9199444662173515
0.9124422910103206
0.9045648426588402
0.8963055424295182
0.8876555189806917
0.8786027140526058
0.8691308105114457
0.8592179529599681
0.8488352100151235
0.837944684115695
0.8264971957241692
0.8144293346057269
0.80165964357584
0.7880834424672605
0.7735651867717454
0.7579257404025367
0.7409168951849253
0.7221596092332895
0.7009542529022931
0.6753305618572928
0.6266372804534652
0.6155386039734476
0.6040579834342165
0.5921678182980609
0.5798343496866813
0.5670155616614297
0.5536581868999834
0.5396935167017785
0.5250312148738475
0.509549986785496
0.49308303051399976
0.47539445495045557
0.4561392703923667
0.4347909485152979
0.4104981511511845
0.38176282422259045
0.34555661203265875
-1.91735286810772e-32
-1.91735286810772e-32
-1.91735286810772e-32
-1.91735286810772e-32
-1.91735286810772e-32
-1.91735286810772e-32
-1.91735286810772e-32
-1.91735286810772e-32
-1.91735286810772e-32
-1.91735286810772e-32
-1.91735286810772e-32
-1.91735286810772e-32
-1.91735286810772e-32
-1.91735286810772e-32
-1.91735286810772e-32
-1.91735286810772e-32
-1.91735286810772e-32
-1.91735286810772e-32
-1.91735286810772e-32
-1.91735286810772e-32
-1.91735286810772e-32
-1.91735286810772e-32
-1.91735286810772e-32
-1.91735286810772e-32
-1.91735286810772e-32
-1.91735286810772e-32
-1.91735286810772e-32
-1.91735286810772e-32
-1.91735286810772e-32
