1.0347703314036335e-17
-2.5859803956898356e-7
-2.0754850901775608e-6
-7.011997015254156e-6
-1.6606639597299765e-5
-3.232954135499348e-5
-5.5558759296177066e-5
-8.753126467458399e-5
-0.00012930178698145604
-0.0001816980148097141
-0.00024527459416953055
-0.00032026638895704
-0.0004065416100554759
-0.0005035551018330085
-0.0006103022719082866
-0.0007252739882662651
-0.0008464125264726157
-0.0009710687364588845
-0.0010959603820648715
-0.0012171317389659644
-0.0013299136484436413
-0.0014288849947185344
-0.0015078331160716025
-0.0015597153512672472
-0.001576618684237738
-0.0015497182416817849
-0.001469233026452012
-0.0013243783635009717
-0.0011033137140644043
-0.0007930837705106506
-0.00037955148931945827
0.00015267861577558135
0.0008203519924986267
0.0016416705788806075
0.0585669028065555
0.206079637916358
0.33224410305745417
0.4391418474332947
0.5288326201584873
0.6033049264521441
0.6644331149123852
0.7139425257742649
0.7533799431295063
0.7840870999360411
0.8071699273858157
0.8234562400226754
0.8334290407932835
0.837117552656733
0.8339188660721285
0.8223054276476307
0.7993329266629916
0.75971020184272
0.6934705056238178
0.5752297688909606
0.04598385978263564
0.050188365940290414
0.054672672726599876
0.05947387924949396
0.06463709015788745
0.07021862843966731
0.07629071305465789
0.08294833497097573
0.0903193579027892
0.09857969051792652
0.10797690505272849
0.11886875763210404
0.13178955040846488
0.14757289720791575
0.16760051282959262
0.19437487351241342
0.23312573541044893
0.9999999999999986
0.9999999999999986
0.9999999999999986
0.9999999999999986
0.9999999999999986
0.9999999999999986
0.9999999999999986
0.9999999999999986
0.9999999999999986
0.9999999999999986
0.9999999999999986
0.9999999999999986
0.9999999999999986
0.9999999999999986
0.9999999999999986
0.9999999999999986
0.9999999999999986
0.9999999999999986
0.9999999999999986
0.9999999999999986
0.9999999999999986
0.9999999999999986
0.9999999999999986
0.9999999999999986
0.9999999999999986
0.9999999999999986
0.9999999999999986
0.9999999999999986
0.9999999999999986
