-1.5914715133503408e-9
0.1229647559332188
0.2500539879737815
0.3806369639783146
0.5141595683665344
0.6502118205191756
0.7885684478189215
0.9292035674268461
1.0722923260713069
1.2182201005059958
1.3732546627204767
1.5658435461688076
1.7605568083812075
1.9587251984667562
2.166634291036954
2.4005666343211387
2.8542316478318717
2.9765424968554686
3.09781468152689
3.223094873204017
3.368210506232088
3.999999999999998
3.999999999999998
3.999999999999998
3.999999999999998
3.999999999999998
3.999999999999998
3.999999999999998
3.999999999999998
3.999999999999998
